0.001629
0.002078
0.000306
0.000446
0.008860
0.001768
0.000161
0.000158
0.000236
0.000625
0.001788
0.001509
0.003654
0.003540
0.030093
0.003478
0.007437
0.000236
0.000632
0.000094
0.009605
0.000300
0.005562
0.001844
0.000103
0.000347
0.000185
0.003007
0.000125
0.000060
0.000003
0.007239
0.002363
0.000574
0.000872
0.005108
0.000910
0.001947
0.001147
0.000449
0.000116
0.000439
0.001809
0.000137
0.000695
0.003693
0.000295
0.000166
0.000084
0.000099
0.000013
0.000011
0.000061
0.002670
0.007474
0.010364
0.011609
0.004855
0.001426
0.000060
0.000196
0.000007
0.000016
0.000026
0.000002
0.000006
0.000053
0.000074
0.000001
0.000102
0.000011
0.000000
0.000074
0.000785
0.000441
0.000876
0.006847
0.003155
0.001073
0.009349
0.008994
0.002227
0.006041
0.023186
0.012297
0.000438
0.008532
0.024805
0.030906
0.010554
0.000404
0.006036
0.001182
0.012736
0.011423
0.012099
0.000335
0.000212
0.000003
0.000055
0.000000
0.000002
0.000005
0.000001
0.000000
0.000000
0.000024
0.001816
0.000527
0.000306
0.000000
0.000000
0.000153
0.001018
0.002193
0.000019
0.001918
0.000473
0.000201
0.004346
0.000229
0.000049
0.000010
0.000606
0.004485
0.001024
0.000032
0.000050
0.000853
0.000039
0.000124
0.001363
0.008821
0.001771
0.001092
0.000317
0.000027
0.001037
0.000101
0.000116
0.000038
0.000000
0.000000
0.000098
0.000602
0.000935
0.002292
0.000115
0.002905
0.000447
0.003087
0.000943
0.000001
0.000000
0.000000
0.001432
0.001548
0.010495
0.003819
0.000088
0.000000
0.000000
0.000068
0.004039
0.000001
0.000001
0.000026
0.000053
0.000107
0.000000
0.000000
0.000000
0.000000
0.000543
0.000002
0.000000
0.000001
0.000004
0.002879
0.000002
0.000366
0.020020
0.000286
0.006878
0.010436
0.000553
0.008861
0.000008
0.000869
0.015054
0.013283
0.000273
0.000747
0.014784
0.023112
0.017497
0.001781
0.002967
0.006198
0.006542
0.015433
0.003333
0.000061
0.000000
0.000241
0.000020
0.002114
0.000794
0.000344
0.000234
0.001082
0.002406
0.005935
0.001728
0.000263
0.000007
0.000381
0.003996
0.000119
0.000380
0.005955
0.007342
0.002525
0.005597
0.000122
0.000005
0.000003
0.007916
0.000054
0.001435
0.014120
0.007800
0.000389
0.002745
0.006298
0.002016
0.000133
0.000022
0.000246
0.000828
0.000367
0.000059
0.000001
0.000320
0.000066
0.000006
0.000114
0.000260
0.019443
0.004708
0.001884
0.002115
0.008974
0.000171
0.002908
0.016932
0.011056
0.000194
0.000024
0.000021
0.005855
0.006503
0.000803
0.000067
0.018603
0.006356
0.000070
0.000007
0.000422
0.001237
0.013997
0.010623
0.001244
0.015167
0.004704
0.001334
0.005587
0.012301
0.002219
0.000204
0.000009
0.000002
0.000001
0.000084
0.000129
0.000023
0.000007
0.000736
0.000145
0.000285
0.002100
0.000381
0.006282
0.004724
0.014702
0.001817
0.000066
0.006540
0.005022
0.004230
0.009756
0.002816
0.000240
0.000006
0.013717
0.012201
0.012440
0.006666
0.002573
0.004486
0.019152
0.015460
0.001779
0.012014
0.025359
0.003951
0.011905
0.006780
0.003283
0.000263
0.005007
0.004151
0.000503
0.002552
0.004230
0.003258
0.000012
0.000232
0.000075
0.003573
0.002430
0.005471
0.008927
0.005319
0.007098
0.001271
0.000952
0.000021
0.000068
0.004320
0.000011
0.000000
0.000950
0.000349
0.000001
0.000010
0.000048
0.000400
0.005064
0.001592
0.000464
0.001274
0.002690
0.000002
0.000003
0.002178
0.000330
0.000142
0.000369
0.008196
0.011777
0.003343
0.001869
0.000406
0.001257
0.000002
0.000037
0.002207
0.016650
0.003056
0.000284
0.007709
0.000833
0.002547
0.028083
0.004117
0.006655
0.004178
0.011499
0.038643
0.000014
0.000063
0.000144
0.000017
0.000062
0.000189
0.000030
0.000006
0.000387
0.000520
0.001696
0.000130
0.000020
0.000959
0.000436
0.003859
0.003819
0.010363
0.029828
0.034638
0.003366
0.032139
0.007603
0.005630
0.010626
0.000051
0.013889
0.006465
0.007803
0.003874
0.011370
0.001092
0.005217
0.002806
0.003499
0.000038
0.000224
0.004836
0.000545
0.001147
0.000788
0.000423
0.000011
0.000005
0.000195
0.000009
0.000051
0.000736
0.000017
0.000000
0.000038
0.007805
0.013617
0.007844
0.012084
0.011909
0.001659
0.003897
0.013478
0.000347
0.000822
0.000013
0.000571
0.000321
0.000006
0.000049
0.000092
0.000009
0.000000
0.000094
0.000012
0.000000
0.004666
0.009832
0.004137
0.011915
0.001907
0.001672
0.015531
0.017498
0.002570
0.000001
0.000001
0.000001
0.000094
0.001357
0.001315
0.000641
0.000223
0.000315
0.000001
0.000000
0.000149
0.000001
0.000000
0.000059
0.001252
0.004270
0.000001
0.000000
0.000001
0.000000
0.000000
0.000001
0.000000
0.000001
0.000000
0.000051
0.000001
0.008547
0.026185
0.017471
0.003853
0.010139
0.008817
0.003142
0.002773
0.003162
0.000343
0.001637
0.002454
0.002441
0.002484
0.001886
0.000460
0.025391
0.020206
0.011969
0.002782
0.001309
0.001552
0.002278
0.003102
0.000464
0.000558
0.000558
0.000045
0.000063
0.000000
0.000116
0.000067
0.000109
0.005119
0.006553
0.002148
0.005588
0.005938
0.008675
0.000062
0.000482
0.000131
0.001266
0.003105
0.013261
0.004840
0.003496
0.009093
0.008355
0.002128
0.002347
0.002701
0.000251
0.000297
0.000166
0.003347
0.000497
0.000008
0.000000
0.000000
0.000001
0.011364
0.007475
0.001766
0.007315
0.003949
0.000806
0.002356
0.000001
0.000008
0.000000
0.020523
0.041237
0.003512
0.000643
0.025370
0.000786
0.003610
0.000012
0.000001
0.000000
0.000079
0.000016
0.000108
0.006742
0.000058
0.000015
0.002691
0.021358
0.008021
0.001618
0.007900
0.000008
0.020511
0.005449
0.000127
0.009033
0.022728
0.009320
0.007340
0.003938
0.000483
0.004234
0.007693
0.000456
0.009644
0.002509
0.003227
0.000759
0.000002
0.000414
0.003854
0.000649
0.008283
0.002268
0.005960
0.000010
0.000264
0.000003
0.003210
0.005777
0.004423
0.001745
0.013635
0.010143
0.007015
0.004400
0.006410
0.008554
0.016109
0.007669
0.003913
0.000155
0.000140
0.017239
0.006249
0.004180
0.007125
0.000858
0.010426
0.000189
0.005836
0.000227
0.008179
0.000013
0.000079
0.000007
0.000217
0.000032
0.024172
0.004010
0.001108
0.002331
0.014032
0.012348
0.001132
0.010276
0.005969
0.001094
0.011685
0.001522
0.000116
0.003025
0.001587
0.003296
0.040422
0.006184
0.000060
0.007915
0.004307
0.004699
0.001663
0.005125
0.001715
0.008080
0.000134
0.000945
0.009380
0.005925
0.005916
0.000149
0.006357
0.002256
0.001438
0.000137
0.000142
0.000753
0.000596
0.003648
0.000197
0.012743
0.000396
0.000045
0.000133
0.000003
0.001539
0.013607
0.001802
0.000006
0.001292
0.004659
0.000091
0.007598
0.012884
0.007570
0.021097
0.000415
0.021220
0.023158
0.036379
0.002181
0.004710
0.009121
0.005184
0.004035
0.013443
0.018853
0.012095
0.002517
0.004822
0.003056
0.011010
0.008241
0.000643
0.004889
0.004099
0.000211
0.000350
0.006052
0.007743
0.002017
0.005680
0.001229
0.007227
0.001837
0.003385
0.010880
0.011235
0.005872
0.011795
0.007363
0.000959
0.019645
0.007979
0.026272
0.000197
0.002777
0.000203
0.002147
0.000102
0.000450
0.002136
0.000082
0.000008
0.000117
0.000017
0.000175
0.003406
0.004348
0.007940
0.006208
0.006545
0.000285
0.003960
0.005015
0.009499
0.002386
0.000620
0.000086
0.000124
0.000075
0.000181
0.000065
0.000015
0.000004
0.006214
0.000487
0.000004
0.000125
0.002120
0.001703
0.000114
0.000415
0.000124
0.000020
0.000003
0.000000
0.000880
0.010110
0.000837
0.001283
0.006071
0.009891
0.004817
0.001901
0.000170
0.001778
0.002154
0.000899
0.000002
0.000012
0.001341
0.001670
0.011348
0.001348
0.000016
0.007230
0.003457
0.000532
0.000713
0.000002
0.000017
0.000018
0.000000
0.000000
0.000897
0.005620
0.000080
0.000127
0.001099
0.000014
0.000013
0.000052
0.000000
0.000002
0.000076
0.000051
0.000073
0.000001
0.000000
0.000070
0.000005
0.000001
0.008616
0.005531
0.001696
0.000108
0.004338
0.000179
0.001653
0.012231
0.005858
0.008847
0.001335
0.000545
0.000625
0.000000
0.014851
0.004394
0.005113
0.001466
0.004859
0.004710
0.001143
0.001369
0.003989
0.007812
0.005589
0.000150
0.000025
0.003988
0.000035
0.000228
0.000000
0.001195
0.000225
0.000064
0.000145
0.009460
0.002731
0.015809
0.022131
0.004661
0.000002
0.010713
0.003760
0.000975
0.001628
0.005409
0.004448
0.000007
0.000034
0.000000
0.000000
0.000026
0.000053
0.000000
0.000000
0.000000
0.000007
0.000550
0.010976
0.006540
0.000053
0.000003
0.000111
0.000000
0.015820
0.005149
0.012711
0.016887
0.003905
0.004854
0.000029
0.000256
0.000313
0.010141
0.021520
0.022956
0.000284
0.003046
0.000733
0.000101
0.031989
0.017413
0.006307
0.001526
0.000023
0.005744
0.003640
0.013879
0.006639
0.003918
0.003720
0.004404
0.001906
0.008903
0.009880
0.025219
0.001063
0.008498
0.015694
0.013592
0.017348
0.000411
0.000510
0.004190
0.000313
0.000393
0.015986
0.007107
0.002273
0.000021
0.000036
0.008586
0.012560
0.005248
0.000218
0.000684
0.000329
0.007216
0.001208
0.001872
0.009535
0.007595
0.000203
0.000222
0.008129
0.007128
0.007952
0.000070
0.000001
0.000001
0.000000
0.000000
0.001902
0.000463
0.001861
0.015344
0.015445
0.008304
0.000272
0.006334
0.001383
0.001837
0.001621
0.001636
0.001670
0.001876
0.000998
0.020206
0.009139
0.017505
0.000026
0.001881
0.001865
0.000109
0.002239
0.000015
0.000001
0.002970
0.000296
0.000003
0.010937
0.022579
0.005460
0.000912
0.003770
0.000313
0.000598
0.001572
0.008760
0.000090
0.001327
0.035140
0.000104
0.000056
0.007037
0.020494
0.009415
0.003886
0.001385
0.002333
0.012844
0.002581
0.005687
0.017829
0.001081
0.005235
0.000215
0.000082
0.000145
0.000004
0.000085
0.000509
0.049842
0.000087
0.002346
0.002304
0.012232
0.009041
0.031536
0.005424
0.004057
0.000015
0.000217
0.001553
0.000764
0.000393
0.000351
0.000145
0.005521
0.002821
0.000406
0.007327
0.016762
0.004359
0.003887
0.001767
0.000132
0.002125
0.001291
0.005618
0.003437
0.004202
0.000876
0.000434
0.005957
0.013726
0.002828
0.001253
0.001340
0.000914
0.017999
0.011229
0.006655
0.004081
0.033280
0.001148
0.012437
0.011645
0.002887
0.000181
0.000002
0.000077
0.003311
0.000010
0.004885
0.002604
0.000558
0.000158
0.015181
0.001201
0.002609
0.000014
0.000081
0.000125
0.000795
0.000013
0.023342
0.000614
0.002503
0.000658
0.000050
0.017582
0.045867
0.003438
0.028837
0.004758
0.011550
0.002515
0.013995
0.006765
0.011754
0.003800
0.024959
0.006691
0.004907
0.001377
0.000068
0.000197
0.002214
0.002780
0.006000
0.000412
0.000033
0.000662
0.000049
0.000074
0.004652
0.000600
0.000138
0.000002
0.000016
0.000914
0.001131
0.001804
0.006367
0.000535
0.000122
0.000765
0.009926
0.018448
0.002606
0.022248
0.010275
0.016772
0.009343
0.000733
0.001786
0.004151
0.010235
0.007938
0.000007
0.000016
0.003949
0.002016
0.007233
0.000055
0.000631
0.018199
0.000296
0.000077
0.000203
0.000001
0.000091
0.000086
0.000018
0.000004
0.000001
0.000130
0.000611
0.000026
0.000003
0.000012
0.000082
0.000003
0.000000
0.000000
0.000021
0.000012
0.002614
0.001703
0.003603
0.001831
0.002551
0.002676
0.000005
0.000003
0.004820
0.004126
0.009159
0.014886
0.006250
0.010693
0.000584
0.000424
0.002092
0.000160
0.000278
0.000129
0.001431
0.002013
0.000441
0.000018
0.000005
0.000000
0.000007
0.000141
0.000053
0.000661
0.000121
0.000000
0.000035
0.000005
0.000157
0.000148
0.000147
0.001388
0.042608
0.009459
0.010142
0.006180
0.041140
0.002772
0.000056
0.001776
0.004632
0.000357
0.005650
0.003056
0.000839
0.006259
0.000497
0.002536
0.000849
0.000036
0.000969
0.000627
0.011698
0.000175
0.000620
0.000004
0.000143
0.005678
0.007240
0.004666
0.001919
0.006276
0.006393
0.002753
0.002367
0.000274
0.011198
0.014087
0.000048
0.005954
0.000001
0.001156
0.003555
0.000082
0.000000
0.004709
0.016150
0.000212
0.000976
0.000021
0.000004
0.000047
0.000019
0.000002
0.000000
0.000028
0.000009
0.000000
0.000202
0.000173
0.000000
0.004829
0.000587
0.000001
0.009193
0.006204
0.000004
0.000005
0.000000
0.000004
0.007275
0.005515
0.009875
0.003109
0.000004
0.000056
0.000019
0.005983
0.000605
0.000217
0.003406
0.001364
0.006768
0.002897
0.001546
0.000000
0.000000
0.000000
0.000001
0.000000
0.000000
0.000000
0.000000
0.000000
0.000000
0.000000
0.000055
0.000000
0.000000
0.000001
0.000000
0.000002
0.001281
0.022705
0.012098
0.002328
0.000160
0.025297
0.008329
0.008344
0.001219
0.013452
0.005127
0.000840
0.005975
0.008068
0.002625
0.000003
0.000132
0.000460
0.000132
0.001217
0.001528
0.000600
0.000008
0.007252
0.007042
0.002406
0.008037
0.000752
0.000004
0.003136
0.001973
0.000056
0.000703
0.000469
0.000053
0.000002
0.000342
0.000182
0.000162
0.001396
0.000119
0.000560
0.000019
0.000000
0.000000
0.001996
0.039081
0.003019
0.000384
0.002126
0.000003
0.004292
0.003683
0.002311
0.004220
0.017670
0.001580
0.000363
0.005547
0.004588
0.000114
0.000136
0.000072
0.000368
0.001051
0.000890
0.001828
0.000274
0.000004
0.000000
0.000000
0.001180
0.008811
0.012080
0.001996
0.000165
0.001816
0.005394
0.001619
0.000371
0.000037
0.000002
0.000223
0.000915
0.000624
0.000064
0.021500
0.001107
0.016312
0.009905
0.008948
0.031091
0.017923
0.002073
0.006779
0.013759
0.015235
0.006975
0.002833
0.000186
0.010261
0.006499
0.000092
0.023943
0.000017
0.000167
0.007064
0.001355
0.000851
0.001511
0.001535
0.004006
0.001714
0.000463
0.003378
0.000005
0.000052
0.000156
0.003980
0.000022
0.011166
0.003206
0.000161
0.000079
0.000273
0.000001
0.000152
0.000544
0.000068
0.003563
0.000021
0.000074
0.000005
0.000434
0.002287
0.019362
0.002797
0.002029
0.004386
0.012327
0.000025
0.000474
0.002499
0.011602
0.005714
0.025596
0.024039
0.000654
0.004454
0.018503
0.000550
0.029427
0.027238
0.000970
0.048302
0.009891
0.000042
0.026793
0.020328
0.002960
0.038185
0.024432
0.010500
0.020293
0.013236
0.011604
0.003298
0.024399
0.021067
0.008834
0.000184
0.000163
0.004380
0.000325
0.003989
0.006512
0.006851
0.015906
0.002570
0.000967
0.012916
0.000857
0.000289
0.010713
0.005690
0.000683
0.006068
0.019998
0.018243
0.007685
0.005711
0.001826
0.000034
0.013691
0.035719
0.002573
0.003756
0.014510
0.010800
0.000565
0.016433
0.019637
0.002149
0.004072
0.001522
0.027739
0.005851
0.027520
0.003742
0.000324
0.006809
0.004527
0.010976
0.005912
0.005872
0.021753
0.033413
0.010386
0.006951
0.017921
0.002609
0.000496
0.011462
0.010332
0.000280
0.000068
0.001577
0.027434
0.001007
0.000301
0.006822
0.000064
0.000092
0.000087
0.000010
0.000260
0.000087
0.000710
0.003029
0.003889
0.003515
0.022851
0.020378
0.001406
0.000295
0.000817
0.000790
0.002200
0.001662
0.005897
0.000027
0.000002
0.010453
0.002117
0.004862
0.007048
0.000957
0.007629
0.007274
0.008833
0.004283
0.000600
0.000340
0.000275
0.000642
0.002844
0.000057
0.000000
0.000841
0.000261
0.000056
0.000002
0.000000
0.000008
0.003484
0.001647
0.001399
0.016077
0.000255
0.005791
0.000135
0.000142
0.012488
0.000911
0.000053
0.000715
0.000562
0.004692
0.003340
0.009616
0.003126
0.005431
0.005924
0.007593
0.004212
0.000710
0.000223
0.000067
0.000005
0.000002
0.000288
0.000410
0.004796
0.000344
0.001500
0.000366
0.004728
0.011494
0.000981
0.000428
0.009969
0.000002
0.000001
0.000000
0.003339
0.001485
0.003986
0.016512
0.000282
0.000065
0.015992
0.000252
0.007633
0.002339
0.000907
0.000165
0.000584
0.006936
0.000051
0.000001
0.000319
0.000469
0.000052
0.000000
0.000002
0.000000
0.000428
0.000645
0.000967
0.000075
0.000540
0.000275
0.000003
0.000107
0.000042
0.003096
0.002062
0.007635
0.001615
0.005675
0.008390
0.001275
0.000000
0.000000
0.000001
0.008453
0.000022
0.003835
0.000332
0.006323
0.000000
0.000519
0.010155
0.000048
0.000000
0.000000
0.000002
0.000001
0.000000
0.004448
0.001590
0.000060
0.001190
0.001366
0.004668
0.001953
0.023405
0.004784
0.000000
0.012153
0.009380
0.000138
0.014298
0.001632
0.014042
0.002761
0.011894
0.000139
0.016524
0.000170
0.003016
0.000616
0.000209
0.000132
0.004143
0.004689
0.001025
0.000477
0.000001
0.000051
0.000001
0.005402
0.015186
0.007840
0.000197
0.001808
0.000001
0.000071
0.000000
0.000001
0.001448
0.000012
0.000176
0.000069
0.000000
0.000000
0.000070
0.000008
0.000000
0.000548
0.002732
0.000031
0.000149
0.000293
0.000333
0.000194
0.000070
0.000778
0.002058
0.000147
0.001323
0.000001
0.000118
0.000639
0.000000
0.003667
0.000308
0.004298
0.080745
0.001712
0.020731
0.004358
0.000662
0.006647
0.005476
0.003930
0.000598
0.000437
0.000771
0.000020
0.003724
0.004199
0.028210
0.029208
0.006479
0.010178
0.001014
0.002074
0.001683
0.001421
0.000991
0.010145
0.019775
0.020442
0.000989
0.002169
0.006345
0.019922
0.008671
0.008818
0.008151
0.000998
0.018621
0.000315
0.007715
0.001186
0.000325
0.012826
0.005342
0.007269
0.018665
0.000025
0.007679
0.002004
0.000885
0.002317
0.000156
0.008659
0.002201
0.000164
0.000033
0.000427
0.002168
0.001658
0.000697
0.000857
0.000126
0.001048
0.000004
0.000279
0.000020
0.000073
0.016307
0.016919
0.001558
0.025974
0.019756
0.008635
0.003771
0.003030
0.004546
0.000624
0.009547
0.002590
0.009627
0.005937
0.001020
0.035936
0.008598
0.004198
0.005778
0.000036
0.000266
0.000278
0.000014
0.000388
0.000014
0.005848
0.034440
0.004671
0.000061
0.000117
0.011904
0.004418
0.022003
0.015869
0.024566
0.014162
0.025222
0.004163
0.000126
0.031688
0.012621
0.003135
0.002825
0.000716
0.000017
0.000137
0.000250
0.000165
0.008397
0.000893
0.006063
0.000675
0.011079
0.007743
0.001233
0.002023
0.000195
0.000003
0.000002
0.000484
0.000183
0.000002
0.000018
0.000057
0.000099
0.000063
0.000135
0.000148
0.000824
0.001484
0.000145
0.008945
0.000623
0.001405
0.009520
0.001464
0.001217
0.000344
0.013423
0.013413
0.002384
0.018147
0.002620
0.004417
0.022498
0.002861
0.004481
0.005443
0.000268
0.000123
0.011932
0.009235
0.000428
0.008668
0.000108
0.011978
0.033896
0.000230
0.000000
0.000377
0.001535
0.000601
0.000052
0.000015
0.000018
0.000075
0.000571
0.000192
0.001471
0.007297
0.000127
0.012121
0.008178
0.005255
0.015768
0.004158
0.002033
0.005649
0.001883
0.000139
0.000042
0.000059
0.000078
0.000001
0.000066
0.003375
0.008938
0.005587
0.000660
0.004321
0.000144
0.000004
0.000000
0.000114
0.000107
0.000131
0.000000
0.000000
0.000001
0.009953
0.000264
0.000169
0.006729
0.011247
0.006482
0.000338
0.000002
0.014740
0.014897
0.006109
0.024756
0.005502
0.000153
0.011055
0.001729
0.011775
0.004031
0.001422
0.000008
0.000052
0.002019
0.000956
0.007950
0.004098
0.000478
0.000306
0.000210
0.000007
0.001559
0.000120
0.000002
0.000000
0.009683
0.002189
0.002914
0.010471
0.001167
0.029350
0.000869
0.000012
0.000004
0.004305
0.005331
0.000002
0.000015
0.000000
0.000000
0.000000
0.000137
0.001071
0.000102
0.001434
0.001091
0.000027
0.000050
0.000406
0.004634
0.003593
0.000453
0.000316
0.001216
0.003890
0.001442
0.007669
0.000799
0.000514
0.000003
0.002063
0.000450
0.020129
0.001610
0.000255
0.020262
0.007891
0.003718
0.000483
0.001382
0.005846
0.005075
0.002534
0.000018
0.000001
0.016830
0.003308
0.013978
0.001009
0.003567
0.006056
0.002411
0.000938
0.004619
0.002860
0.014928
0.013033
0.007930
0.004613
0.000826
0.005808
0.002927
0.002435
0.007968
0.001383
0.008713
0.000258
0.000224
0.000896
0.000680
0.003912
0.000065
0.000053
0.008146
0.006416
0.000011
0.000004
0.000000
0.001413
0.004348
0.007045
0.002037
0.018337
0.005549
0.000002
0.004452
0.004752
0.001174
0.004773
0.000675
0.000009
0.000067
0.001842
0.000086
0.000126
0.000553
0.000000
0.000068
0.000079
0.000067
0.000001
0.000000
0.005108
0.010532
0.000508
0.007387
0.000048
0.000032
0.003669
0.000057
0.000006
0.008907
0.001814
0.000077
0.002490
0.002228
0.000004
0.000069
0.000061
0.000014
0.000127
0.000072
0.000022
0.000091
0.000005
0.000073
0.015796
0.002090
0.000744
0.000145
0.000059
0.000016
0.000766
0.002371
0.000157
0.000084
0.000015
0.000203
0.000008
0.000009
0.000176
0.004737
0.001196
0.000001
0.015475
0.001179
0.000451
0.000002
0.002547
0.017545
0.005394
0.005866
0.001384
0.000206
0.000153
0.007838
0.001129
0.004260
0.005668
0.012748
0.033028
0.015271
0.013196
0.001604
0.015313
0.020049
0.032103
0.015503
0.000537
0.015048
0.014277
0.004643
0.005710
0.001371
0.000206
0.005145
0.001043
0.000093
0.002434
0.013000
0.029729
0.015656
0.007318
0.006061
0.002727
0.041679
0.040493
0.039035
0.005521
0.011908
0.010779
0.022694
0.002272
0.007480
0.006033
0.001984
0.000420
0.002909
0.005931
0.003419
0.014532
0.022673
0.006915
0.025907
0.004969
0.023663
0.002015
0.038838
0.022741
0.000612
0.004235
0.040160
0.016386
0.012341
0.004648
0.012214
0.011372
0.015225
0.025329
0.015434
0.004444
0.007156
0.031004
0.011466
0.005036
0.005172
0.005334
0.000038
0.000050
0.003554
0.000494
0.002679
0.000126
0.000196
0.014109
0.004837
0.004354
0.000875
0.027322
0.042869
0.003836
0.018391
0.008070
0.005643
0.014997
0.007864
0.001320
0.005250
0.001755
0.011504
0.010909
0.017946
0.007140
0.002023
0.000161
0.000219
0.001679
0.004852
0.001603
0.000047
0.037473
0.000551
0.000597
0.011139
0.005224
0.002211
0.000024
0.000107
0.000024
0.000029
0.000087
0.000015
0.000087
0.021250
0.002806
0.001770
0.006488
0.006643
0.000439
0.000436
0.001335
0.006966
0.000080
0.000063
0.001500
0.000381
0.000002
0.000000
0.000048
0.000158
0.000106
0.000000
0.000000
0.000114
0.000057
0.000000
0.002316
0.000930
0.006614
0.034898
0.017530
0.000407
0.004930
0.001433
0.000468
0.014004
0.003315
0.006346
0.007751
0.002770
0.003485
0.002645
0.006385
0.006752
0.000085
0.001663
0.009900
0.001719
0.000049
0.002818
0.000450
0.000618
0.000057
0.000004
0.000069
0.000070
0.000006
0.000935
0.000315
0.000111
0.003340
0.000646
0.011289
0.006328
0.002473
0.005508
0.002918
0.000669
0.000500
0.000171
0.000000
0.000933
0.000065
0.000001
0.000000
0.000000
0.000001
0.000005
0.000000
0.000000
0.000000
0.005478
0.001791
0.012920
0.009050
0.001308
0.001718
0.000324
0.000000
0.002259
0.002181
0.000056
0.000001
0.000120
0.000001
0.000006
0.000009
0.000001
0.000071
0.000000
0.000001
0.004995
0.002191
0.000013
0.000529
0.001738
0.007638
0.001884
0.002984
0.000339
0.000703
0.001271
0.000836
0.000000
0.010148
0.000575
0.000225
0.000258
0.002905
0.008716
0.001065
0.003620
0.000068
0.004366
0.008683
0.008495
0.011723
0.003053
0.000371
0.016868
0.000081
0.003523
0.013179
0.001048
0.008723
0.004312
0.000029
0.000026
0.001852
0.000001
0.008366
0.000018
0.000064
0.002196
0.020334
0.007052
0.000150
0.001761
0.000743
0.004795
0.002054
0.013879
0.000038
0.006350
0.000093
0.000917
0.000171
0.000000
0.005695
0.010438
0.000800
0.000853
0.001366
0.007952
0.000011
0.003658
0.016810
0.001937
0.005220
0.000536
0.000001
0.000071
0.000063
0.000052
0.000002
0.011005
0.015634
0.001776
0.000783
0.002850
0.000001
0.000248
0.000115
0.003256
0.000131
0.000063
0.001904
0.001526
0.003056
0.002363
0.006993
0.000149
0.000442
0.000744
0.001594
0.022875
0.029047
0.000807
0.000468
0.009446
0.001077
0.000117
0.003270
0.000005
0.000068
0.000903
0.000001
0.000051
0.017870
0.002795
0.001498
0.006172
0.002228
0.003830
0.000588
0.009217
0.006240
0.001439
0.000395
0.000005
0.000147
0.000001
0.000012
0.000338
0.000023
0.000291
0.000010
0.002183
0.001434
0.002723
0.004778
0.004189
0.000758
0.013617
0.011528
0.000951
0.000327
0.000107
0.000251
0.002429
0.001577
0.000163
0.000022
0.000702
0.000899
0.000032
0.000198
0.000002
0.004337
0.000005
0.000265
0.001541
0.002284
0.002184
0.006733
0.000054
0.007824
0.005388
0.000139
0.012795
0.000292
0.007366
0.000893
0.002815
0.015046
0.001709
0.000792
0.000680
0.000075
0.027529
0.001638
0.000011
0.000035
0.000024
0.001114
0.000297
0.000154
0.000022
0.000013
0.000013
0.000270
0.000140
0.000001
0.000026
0.005714
0.002219
0.001706
0.000571
0.000203
0.000172
0.001244
0.004100
0.000375
0.002049
0.001413
0.001099
0.000004
0.000549
0.011538
0.002163
0.007474
0.042559
0.009798
0.014339
0.001734
0.000002
0.000021
0.000002
0.000053
0.005940
0.003206
0.000259
0.000035
0.000001
0.000649
0.000443
0.000317
0.007546
0.006458
0.002671
0.004264
0.005161
0.000601
0.010857
0.001836
0.000233
0.000255
0.000001
0.000143
0.000029
0.000488
0.000421
0.000054
0.001814
0.000002
0.000009
0.003045
0.004016
0.000320
0.000501
0.011062
0.000988
0.006669
0.013380
0.003415
0.000338
0.010689
0.001435
0.000013
0.000037
0.003257
0.007228
0.000885
0.000011
0.000009
0.003358
0.001232
0.001229
0.003788
0.000695
0.000813
0.008687
0.020738
0.008079
0.017409
0.004713
0.021504
0.012407
0.000438
0.000597
0.003308
0.012151
0.005601
0.000604
0.000719
0.006069
0.005274
0.000019
0.000998
0.003005
0.000116
0.000533
0.000187
0.000802
0.006388
0.013742
0.017819
0.008484
0.002190
0.000660
0.035053
0.000253
0.000007
0.000000
0.000100
0.000001
0.001885
0.010896
0.020037
0.005626
0.004669
0.000003
0.002319
0.000000
0.000000
0.000105
0.000005
0.000000
0.000161
0.000275
0.000591
0.000008
0.000462
0.001264
0.001074
0.007400
0.000221
0.000040
0.000111
0.000184
0.000092
0.000000
0.001349
0.001459
0.001490
0.000080
0.001389
0.001545
0.000003
0.000004
0.000304
0.000001
0.000000
0.000000
0.000001
0.000000
0.000000
0.000000
0.000000
0.000000
0.000000
0.003393
0.002724
0.001044
0.015337
0.001226
0.000066
0.000076
0.005295
0.006807
0.000562
0.005006
0.000191
0.000024
0.000002
0.000000
0.006344
0.000014
0.002664
0.001121
0.000000
0.002885
0.000082
0.000005
0.011580
0.024007
0.017776
0.003551
0.017575
0.005241
0.005667
0.007798
0.000397
0.000102
0.001168
0.008269
0.000096
0.000000
0.000000
0.000000
0.000467
0.000131
0.003649
0.000372
0.000001
0.000002
0.016631
0.009362
0.010525
0.011228
0.000158
0.000767
0.001004
0.009874
0.016202
0.001407
0.000982
0.001998
0.000101
0.003942
0.003758
0.000012
0.000000
0.004100
0.002762
0.003680
0.000071
0.000055
0.000000
0.006035
0.001457
0.003595
0.008830
0.003111
0.000000
0.006647
0.014824
0.006563
0.001896
0.004757
0.004353
0.003538
0.002384
0.011558
0.002251
0.000122
0.001184
0.017490
0.003484
0.000057
0.000000
0.000498
0.004089
0.000476
0.004152
0.023317
0.001416
0.013945
0.011245
0.003279
0.001420
0.000014
0.000893
0.009921
0.000209
0.002607
0.004972
0.000113
0.000054
0.002376
0.000210
0.000011
0.000217
0.000002
0.000055
0.001685
0.008899
0.003309
0.000537
0.013324
0.005044
0.000343
0.008165
0.000895
0.008515
0.004840
0.000919
0.000719
0.001052
0.002005
0.000069
0.000418
0.018945
0.000970
0.002874
0.000061
0.021050
0.000777
0.000003
0.012190
0.001801
0.004481
0.003554
0.009113
0.002533
0.006112
0.014143
0.000088
0.002176
0.000330
0.000173
0.002745
0.012804
0.013004
0.011755
0.005194
0.001162
0.004392
0.015838
0.006386
0.002122
0.011276
0.004395
0.005645
0.000522
0.002830
0.002834
0.000006
0.000007
0.000606
0.000353
0.000001
0.001654
0.001309
0.004304
0.000091
0.000661
0.000992
0.000072
0.016779
0.000016
0.003289
0.001094
0.000379
0.000066
0.000009
0.002439
0.000106
0.003663
0.000856
0.003008
0.000002
0.009893
0.008974
0.010077
0.029901
0.001145
0.002728
0.000413
0.006136
0.000685
0.000163
0.000000
0.000058
0.000019
0.000224
0.000074
0.000085
0.000186
0.014395
0.002812
0.000001
0.000002
0.000002
0.000041
0.006032
0.004907
0.004012
0.000022
0.001574
0.002913
0.000430
0.001042
0.000087
0.000095
0.000305
0.004567
0.019497
0.020381
0.000302
0.000003
0.001696
0.004624
0.006520
0.001012
0.000504
0.026888
0.008253
0.008650
0.003504
0.000331
0.000005
0.000185
0.000784
0.000207
0.000246
0.000003
0.000835
0.018230
0.006313
0.012759
0.007905
0.003469
0.005777
0.000066
0.010001
0.010166
0.033493
0.001188
0.003231
0.003844
0.003999
0.011845
0.000456
0.009631
0.005153
0.000404
0.001518
0.003494
0.000033
0.002193
0.000573
0.002642
0.002470
0.004574
0.017004
0.001531
0.007783
0.004755
0.009636
0.000142
0.006097
0.000525
0.005842
0.000511
0.000011
0.000004
0.000075
0.000003
0.000057
0.000006
0.002412
0.007303
0.010204
0.002040
0.000329
0.000479
0.004998
0.013315
0.002073
0.004815
0.000382
0.007808
0.010562
0.000147
0.000152
0.000336
0.002027
0.018445
0.001497
0.002502
0.000909
0.000063
0.000000
0.001283
0.012029
0.000704
0.000062
0.000413
0.009713
0.001590
0.001466
0.000374
0.005395
0.002266
0.000534
0.017766
0.013472
0.018351
0.000126
0.000772
0.002913
0.000121
0.001381
0.000911
0.000002
0.007110
0.000180
0.000063
0.009089
0.010860
0.009269
0.000441
0.000021
0.000000
0.001598
0.006324
0.004174
0.001320
0.005907
0.001496
0.000778
0.000252
0.000211
0.000000
0.011966
0.002098
0.000957
0.000017
0.000080
0.000000
0.000000
0.001383
0.006846
0.000236
0.006466
0.009733
0.000001
0.000000
0.000107
0.000001
0.000053
0.000000
0.000018
0.000199
0.000011
0.000002
0.000001
0.000001
0.000422
0.000002
0.000001
0.000003
0.000000
0.000034
0.000000
0.022677
0.022938
0.000742
0.000584
0.000000
0.000000
0.000002
0.000038
0.006168
0.009618
0.000762
0.000318
0.011560
0.001296
0.003266
0.005819
0.001661
0.000068
0.029396
0.000868
0.000000
0.000013
0.000000
0.000013
0.000000
0.000000
0.000000
0.000000
0.000000
0.000000
0.000000
0.000000
0.000000
0.000000
0.000000
0.000000
0.000000
0.001223
0.000065
0.000000
0.000002
0.002722
0.000249
0.000000
0.001889
0.002100
0.001035
0.000267
0.000520
0.005001
0.000016
0.000045
0.003650
0.000000
0.000000
0.004144
0.012113
0.015638
0.012098
0.007346
0.002113
0.010147
0.000415
0.000880
0.000004
0.000284
0.005290
0.000281
0.001323
0.000921
0.001957
0.011077
0.016192
0.000805
0.003545
0.004965
0.001580
0.001858
0.013545
0.000405
0.001472
0.003975
0.000937
0.004871
0.002241
0.001940
0.003957
0.000788
0.000124
0.000066
0.000039
0.000061
0.001233
0.010856
0.005833
0.000134
0.000293
0.005534
0.000030
0.002469
0.003202
0.020773
0.001797
0.000745
0.002902
0.004052
0.010895
0.000026
0.004355
0.012807
0.013767
0.012411
0.001692
0.000067
0.000105
0.000305
0.005894
0.002856
0.000174
0.000000
0.000324
0.000775
0.001967
0.000012
0.000546
0.003304
0.000087
0.000088
0.006791
0.008276
0.001238
0.000128
0.007682
0.031409
0.023876
0.000073
0.000609
0.001125
0.000235
0.000141
0.000923
0.000715
0.000791
0.000004
0.000015
0.000016
0.001090
0.000023
0.002251
0.000113
0.000720
0.002545
0.010813
0.000386
0.005795
0.024049
0.002284
0.000003
0.003443
0.003910
0.010689
0.017890
0.008216
0.019223
0.011308
0.010090
0.004787
0.001139
0.000012
0.000011
0.000285
0.002759
0.015198
0.002006
0.003059
0.000206
0.001184
0.002514
0.000519
0.011605
0.037701
0.019989
0.001969
0.002361
0.008152
0.000003
0.000436
0.009904
0.010231
0.006622
0.002694
0.000004
0.000222
0.000571
0.000012
0.000000
0.000001
0.024602
0.003419
0.007024
0.016700
0.005195
0.001465
0.001905
0.002238
0.000075
0.000251
0.000347
0.000002
0.000390
0.005402
0.001917
0.000079
0.000414
0.000020
0.000001
0.000063
0.000061
0.000007
0.002460
0.000612
0.000015
0.000068
0.000003
0.001385
0.000829
0.000416
0.000670
0.002605
0.001087
0.000000
0.000433
0.000187
0.000012
0.013381
0.000934
0.000798
0.001944
0.001392
0.004427
0.000007
0.001472
0.001850
0.000016
0.000016
0.000349
0.000098
0.009671
0.000014
0.010657
0.004603
0.021744
0.020368
0.001641
0.000150
0.000349
0.002559
0.000168
0.000000
0.001231
0.001184
0.007298
0.003207
0.008335
0.004569
0.000226
0.000065
0.000611
0.000022
0.000128
0.000060
0.000145
0.000016
0.001545
0.011799
0.020353
0.002074
0.028745
0.010698
0.002519
0.012532
0.003572
0.008574
0.031918
0.020660
0.017108
0.003325
0.011285
0.017073
0.000253
0.000210
0.000352
0.000961
0.001475
0.003392
0.000017
0.000794
0.000000
0.000001
0.000000
0.000000
0.000043
0.000098
0.000082
0.010280
0.007803
0.017501
0.001855
0.000009
0.000327
0.000201
0.000000
0.000004
0.000003
0.000000
0.000124
0.000000
0.000000
0.000000
0.000093
0.000016
0.000000
0.000000
0.000000
0.000000
0.000000
0.000000
0.000605
0.009997
0.006054
0.009005
0.000069
0.000059
0.001573
0.000405
0.000559
0.000826
0.000026
0.000545
0.000577
0.005384
0.008196
0.000025
0.004274
0.000005
0.000052
0.000000
0.000000
0.000000
0.000150
0.003220
0.002244
0.000035
0.001616
0.000045
0.000000
0.000000
0.000000
0.006987
0.000684
0.005722
0.001461
0.005772
0.011886
0.004583
0.003522
0.003556
0.002041
0.020292
0.001346
0.000009
0.008743
0.002033
0.000998
0.000272
0.000047
0.014521
0.004970
0.001283
0.000855
0.005744
0.001957
0.000002
0.000849
0.000224
0.000111
0.000000
0.013347
0.002710
0.000018
0.000000
0.000000
0.000002
0.004967
0.003996
0.000005
0.000000
0.000000
0.000072
0.000225
0.000023
0.000055
0.003209
0.005093
0.012679
0.000275
0.002647
0.000207
0.000000
0.000000
0.003151
0.006224
0.002922
0.016880
0.000589
0.019528
0.000010
0.016881
0.000001
0.001734
0.008605
0.014695
0.000270
0.000176
0.002390
0.000497
0.000045
0.000007
0.005046
0.004905
0.005260
0.008319
0.005238
0.016019
0.018145
0.008772
0.030171
0.001558
0.001575
0.006641
0.005916
0.009474
0.001895
0.004357
0.001603
0.000662
0.009538
0.002614
0.000002
0.000000
0.000019
0.000000
0.000620
0.000282
0.005470
0.012127
0.001654
0.000867
0.005767
0.009823
0.006799
0.005437
0.000333
0.000052
0.011880
0.001538
0.008645
0.000309
0.005138
0.000001
0.000945
0.000136
0.000003
0.000000
0.000000
0.000071
0.000052
0.000789
0.012091
0.008385
0.013459
0.007634
0.011805
0.013157
0.000904
0.000699
0.007711
0.000362
0.000003
0.012273
0.001368
0.031491
0.006059
0.005532
0.001132
0.004895
0.013624
0.002202
0.002217
0.006807
0.000035
0.000737
0.001004
0.002760
0.010867
0.007216
0.000005
0.000002
0.000009
0.002099
0.000415
0.001341
0.000798
0.000008
0.000439
0.000280
0.000045
0.004747
0.018264
0.004642
0.004380
0.014325
0.000913
0.004925
0.003882
0.000296
0.000090
0.011918
0.011667
0.001338
0.000920
0.000738
0.005097
0.003959
0.000086
0.000018
0.000124
0.000116
0.000543
0.002864
0.007401
0.000398
0.005170
0.010606
0.012285
0.000637
0.000008
0.000008
0.000357
0.003082
0.000286
0.001201
0.009996
0.007008
0.017362
0.005109
0.005920
0.031823
0.000997
0.003106
0.003740
0.000384
0.006552
0.002152
0.000329
0.014041
0.013244
0.001558
0.000815
0.004440
0.004274
0.000444
0.000008
0.001370
0.003284
0.000927
0.000313
0.000617
0.000284
