# Generated by from ihu_topmodel.bsh start_date=2010-01-01 end_date=2019-12-31
# dt [h]: Time step
24

################################################################################
# R [m/dt]:  Rainfall
# Ep [m/dt]: Potential evapotranspiration

# R Ep
0.001741 .00022
0.005717 .00026
0.000364 .00032
0.000727 0
0.007519 .00014
0.000362 .00066
0.000186 0
0.000265 .00027
0.000288 .00065
0.000081 .00134
0.001483 .00074
0.002018 .00055
0.001832 .00046
0.001953 0
0.015479 .00013
0.000868 .00036
0.005838 0
0.000049 .00015
0.000473 0
0.000076 .00056
0.003974 .00055
0.000730 .00029
0.008885 .00011
0.001930 .00008
0.000067 .00049
0.000318 .00030
0.000123 .00077
0.001357 .00097
0.000023 .00093
0.000003 .00069
0.000002 .00052
0.008279 .00057
0.002252 .00044
0.001205 .00048
0.000275 .00034
0.008063 .00015
0.002686 0
0.002532 .00040
0.002212 .00072
0.000027 .00105
0.000005 .00101
0.000195 .00074
0.001556 .00074
0.000318 .00039
0.001529 .00036
0.002444 .00046
0.000099 .00032
0.000014 .00022
0.000034 .00037
0.000023 .00045
0.000087 .00060
0.000013 .00044
0.000015 .00097
0.004485 .00077
0.011556 .00076
0.013720 .00091
0.015257 .00032
0.002983 .00061
0.002277 .00067
0.000269 .00103
0.000106 .00087
0.000008 .00071
0.000018 .00055
0.000004 .00095
0.000013 .00040
0.000010 .00087
0.000048 .00096
0.000003 .00094
0.000022 .00097
0.000160 .00122
0.000030 .00063
0.000001 .00103
0.000014 .00139
0.000740 .00062
0.000462 .00109
0.000089 .00135
0.001521 .00214
0.000352 .00190
0.000066 .00019
0.002120 .00151
0.004630 .00099
0.000287 .00182
0.002588 .00124
0.017067 .00105
0.008218 .00168
0.000166 .00188
0.010458 .00178
0.021474 .00089
0.022891 .00066
0.010057 .00171
0.000576 .00202
0.004548 .00155
0.002149 .00174
0.007301 .00171
0.004439 .00127
0.004742 .00188
0.000746 .00208
0.000459 .00130
0.000004 .00191
0.000001 .00286
0.000000 .00224
0.000003 .00250
0.000000 .00156
0.000000 .00223
0.000000 .00096
0.000000 .00275
0.000702 .00282
0.000872 .00156
0.000410 .00179
0.000139 .00265
0.000000 .00262
0.000000 .00250
0.002051 .00316
0.001565 .00355
0.002978 .00215
0.000023 .00319
0.003664 .00252
0.000516 .00256
0.000040 .00234
0.001656 .00245
0.000041 .00229
0.000171 .00183
0.000004 .00216
0.001260 .00334
0.004440 .00235
0.001135 .00116
0.000004 .00274
0.000007 .00305
0.000190 .00298
0.000210 .00247
0.003885 .00252
0.000146 .00294
0.007969 .00313
0.002642 .00305
0.000985 .00358
0.000134 .00179
0.000005 .00311
0.000485 .00433
0.000109 .00373
0.000003 .00395
0.000095 .00470
0.000003 .00528
0.000001 .00540
0.000261 .00262
0.001619 .00288
0.000109 .00212
0.003207 .00306
0.000133 .00363
0.004915 .00217
0.001115 .00226
0.004889 .00396
0.001998 .00122
0.000006 .00437
0.000008 .00499
0.000000 .00497
0.011548 .00499
0.005190 .00193
0.012054 .00280
0.005327 .00184
0.000326 .00087
0.000001 .00325
0.000000 .00399
0.000375 .00366
0.000828 .00101
0.000002 .00319
0.000000 .00448
0.000003 .00456
0.000000 .00557
0.000001 .00368
0.000000 .00178
0.000000 .00363
0.000000 .00529
0.000000 .00567
0.001470 .00531
0.000004 .00387
0.000000 .00471
0.000000 .00496
0.000005 .00500
0.001726 .00480
0.000008 .00404
0.002732 .00573
0.005085 .00353
0.000375 .00525
0.004139 .00568
0.010216 .00392
0.000624 .00426
0.005404 .00374
0.000005 .00306
0.000016 .00455
0.006620 .00390
0.006352 .00433
0.000010 .00416
0.000205 .00188
0.011065 .00358
0.019468 .00282
0.015846 .00397
0.000968 .00325
0.001405 .00358
0.004073 .00345
0.005011 .00430
0.015675 .00206
0.022227 .00437
0.000007 .00220
0.000000 .00461
0.000099 .00438
0.000097 .00380
0.001487 .00317
0.000416 .00296
0.000497 .00274
0.000045 .00271
0.004106 .00401
0.005040 .00390
0.010860 .00301
0.000414 .00341
0.000094 .00302
0.000064 .00296
0.000204 .00357
0.003113 .00195
0.000145 .00248
0.000887 .00383
0.005935 .00352
0.005909 .00389
0.002497 .00299
0.007052 .00363
0.000022 .00096
0.000021 .00344
0.000024 .00341
0.008185 .00310
0.000027 .00352
0.000378 .00346
0.003569 .00355
0.002819 .00339
0.001805 .00335
0.002087 .00349
0.010602 .00169
0.002874 .00304
0.000461 .00303
0.000026 .00292
0.000052 .00331
0.000675 .00278
0.000025 .00285
0.000001 .00202
0.000001 .00263
0.000445 .00239
0.000045 .00281
0.000000 .00277
0.000154 .00263
0.000004 .00252
0.010916 .00266
0.004260 .00227
0.000054 .00197
0.001934 .00261
0.007611 .00218
0.000186 .00265
0.003254 .00248
0.012935 .00156
0.009324 .00300
0.000028 .00275
0.000036 .00262
0.000007 .00241
0.008643 .00249
0.007772 .00146
0.000788 .00211
0.000306 .00213
0.026475 .00213
0.013721 .00177
0.000018 .00156
0.000002 .00184
0.000989 .00191
0.000260 .00070
0.010968 .00109
0.005184 .00032
0.000093 .00154
0.008504 .00042
0.001972 .00147
0.000283 .00004
0.000596 .00131
0.005688 .00106
0.000853 .00145
0.000012 .00108
0.000001 .00051
0.000005 .00088
0.000000 .00086
0.000020 .00082
0.000008 .00061
0.000026 .00074
0.000007 .00095
0.000541 .00106
0.000038 .00129
0.001667 .00121
0.004471 .00116
0.000060 .00104
0.005057 .00153
0.008328 .00142
0.022097 .00110
0.000209 .00069
0.000003 .00139
0.004107 .00117
0.004086 .00086
0.004849 .00126
0.004415 .00109
0.004827 .00071
0.000034 .00097
0.000002 .00036
0.012383 .00087
0.006039 .00104
0.008434 .00106
0.004677 .00051
0.005091 .00066
0.008756 .00037
0.010479 .00052
0.010281 .00161
0.001782 .00171
0.004580 .00104
0.014115 .00074
0.002999 .00132
0.011075 .00085
0.004059 .00025
0.001261 .00023
0.000175 .00009
0.002371 .00113
0.002167 .00107
0.000278 .00025
0.003893 .00015
0.007560 .00067
0.002954 .00076
0.000031 .00076
0.000060 .00082
0.000019 .00081
0.002879 0
0.005205 .00080
0.012488 .00023
0.009465 .00067
0.004398 .00097
0.003143 .00092
0.000582 .00093
0.000690 0
0.000106 0
0.001239 .00012
0.006737 0
0.000008 0
0.000002 .00022
0.001016 .00039
0.000050 .00007
0.000000 .00028
0.000013 .00062
0.000214 .00031
0.000304 .00010
0.005939 .00047
0.000317 .00059
0.000014 .00015
0.001210 .00024
0.003599 .00016
0.000050 0
0.000009 0
0.000435 0
0.000037 .00052
0.000023 .00034
0.000222 .00002
0.008027 .00001
0.009368 .00023
0.001129 .00017
0.000354 0
0.000366 0
0.001812 0
0.000003 .00065
0.000011 .00061
0.001886 .00027
0.010013 .00050
0.001455 .00023
0.000066 .00011
0.007284 .00045
0.002418 .00029
0.000954 .00034
0.019586 .00036
0.002611 .00035
0.006374 .00032
0.005284 .00016
0.006243 .00003
0.023773 .00056
0.000092 .00035
0.000012 0
0.000110 .00024
0.000000 .00028
0.000073 .00008
0.000160 .00013
0.000011 .00005
0.000017 .00012
0.000152 .00049
0.000439 .00017
0.001799 .00049
0.000001 .00066
0.000000 .00003
0.000362 0
0.000059 0
0.004557 .00040
0.004594 .00049
0.013211 .00045
0.020925 .00130
0.022266 .00088
0.001247 .00063
0.025934 0
0.007034 .00065
0.002213 .00059
0.008394 .00064
0.000107 .00018
0.010044 .00035
0.001467 .00033
0.002600 .00041
0.002893 .00054
0.004914 .00068
0.002273 .00062
0.002843 .00038
0.002915 .00083
0.001193 .00065
0.000001 .00069
0.000386 .00091
0.004022 .00071
0.000754 .00057
0.001555 .00067
0.001322 .00071
0.000547 .00070
0.000004 .00083
0.000001 .00079
0.000007 .00070
0.000005 .00073
0.000082 .00037
0.000320 .00061
0.000004 .00083
0.000000 .00101
0.000002 .00104
0.007412 .00143
0.011012 .00140
0.007895 .00166
0.007457 .00167
0.009078 .00130
0.012161 .00053
0.002727 .00112
0.007653 .00076
0.000740 .00086
0.000682 .00139
0.000045 .00165
0.000021 .00154
0.000007 .00142
0.000000 .00158
0.000009 .00160
0.000001 .00180
0.000003 .00212
0.000000 .00125
0.000003 .00114
0.000000 .00156
0.000000 .00175
0.001686 .00211
0.006781 .00132
0.002716 .00181
0.002782 .00162
0.000355 .00176
0.000133 .00216
0.012588 .00136
0.011909 .00178
0.004344 .00252
0.000001 .00266
0.000000 .00268
0.000002 .00251
0.000035 .00285
0.001807 .00166
0.000602 .00261
0.000038 .00217
0.000016 .00245
0.000379 .00233
0.000000 .00247
0.000000 .00301
0.000071 .00276
0.000007 .00298
0.000000 .00279
0.000018 .00283
0.000940 .00307
0.006179 .00338
0.000002 .00343
0.000000 .00274
0.000002 .00173
0.000002 .00268
0.000000 .00264
0.000007 .00222
0.000000 .00295
0.000005 .00285
0.000000 .00296
0.000002 .00329
0.000002 .00344
0.006000 .00290
0.013267 .00305
0.007565 .00295
0.001813 .00293
0.006004 .00362
0.003743 .00332
0.003334 .00348
0.003109 .00341
0.001449 .00293
0.000052 .00321
0.001636 .00283
0.002602 .00222
0.001794 .00309
0.001335 .00315
0.001097 .00370
0.000122 .00325
0.009216 .00377
0.011156 .00365
0.009529 .00298
0.002887 .00372
0.001597 .00381
0.001723 .00395
0.001871 .00361
0.003003 .00285
0.000553 .00328
0.000700 .00185
0.000201 .00411
0.000247 .00380
0.000053 .00493
0.000000 .00461
0.000003 .00215
0.000854 .00261
0.000618 .00410
0.003173 .00398
0.004734 .00387
0.000634 .00411
0.001621 .00381
0.005812 .00223
0.005657 .00351
0.000009 .00416
0.000055 .00478
0.000332 .00378
0.002749 .00450
0.003591 .00356
0.004925 .00209
0.003597 .00430
0.001759 .00469
0.022093 .00391
0.006545 .00366
0.000443 .00347
0.001545 .00391
0.001467 .00359
0.000493 .00496
0.001028 .00451
0.000007 .00432
0.000527 .00449
0.000131 .00416
0.000001 .00418
0.000000 .00496
0.000000 .00532
0.000002 .00516
0.009414 .00395
0.004055 .00383
0.000751 .00399
0.009566 .00424
0.002614 .00402
0.003045 .00455
0.001346 .00439
0.000003 .00420
0.000002 .00360
0.000000 .00396
0.013245 .00306
0.030182 .00166
0.004217 .00280
0.001443 .00427
0.018043 .00445
0.000388 .00278
0.003279 .00429
0.000036 .00393
0.000002 .00320
0.000001 .00293
0.000008 .00212
0.000016 .00181
0.000653 .00390
0.007223 .00455
0.000001 .00331
0.000003 .00409
0.000140 .00325
0.008913 .00409
0.007141 .00404
0.001486 .00430
0.003290 .00348
0.000008 .00381
0.029044 .00159
0.009280 .00264
0.000256 .00286
0.007400 .00298
0.042871 .00101
0.011677 .00150
0.002888 .00212
0.003752 .00322
0.001060 .00229
0.001355 .00356
0.007857 .00234
0.000504 .00314
0.009936 .00289
0.000806 .00345
0.001136 .00386
0.000173 .00353
0.000013 .00307
0.000588 .00286
0.001938 .00344
0.001499 .00267
0.006802 .00080
0.003357 .00204
0.006261 .00249
0.000087 .00184
0.000251 .00271
0.000022 .00167
0.001469 .00183
0.003740 .00244
0.001957 .00237
0.001484 .00260
0.006594 .00271
0.005321 .00295
0.006352 .00299
0.003556 .00229
0.003198 .00218
0.002757 .00193
0.006517 .00246
0.006629 .00265
0.003470 .00313
0.000073 .00270
0.000010 .00237
0.012851 .00114
0.004018 .00206
0.006568 .00175
0.006000 .00195
0.000360 .00229
0.011055 .00197
0.000149 .00250
0.001385 .00196
0.000018 .00164
0.007720 .00173
0.000027 .00190
0.000050 .00206
0.000000 .00203
0.000014 .00230
0.000201 .00259
0.021926 .00252
0.002613 .00068
0.000555 .00161
0.001670 .00191
0.011983 .00172
0.007883 .00207
0.001409 .00196
0.010423 .00099
0.006966 .00121
0.001237 .00103
0.008012 .00151
0.000820 .00040
0.000013 .00112
0.000637 .00110
0.000981 .00144
0.001737 .00108
0.037518 .00160
0.003306 .00159
0.000024 .00151
0.004957 .00117
0.000362 .00121
0.001026 .00143
0.000329 .00106
0.002775 .00112
0.000786 .00058
0.002430 .00084
0.000264 .00060
0.000666 .00083
0.001916 .00125
0.001965 .00076
0.006033 .00045
0.000027 .00060
0.002378 .00081
0.001328 .00045
0.001294 0
0.000051 .00022
0.000085 .00048
0.000321 .00034
0.000238 .00064
0.003008 .00060
0.000064 .00028
0.004879 .00060
0.000159 .00021
0.000066 0
0.000055 .00063
0.000034 .00075
0.000797 .00040
0.001729 .00043
0.000702 .00076
0.000115 .00023
0.000087 0
0.004333 .00031
0.000083 .00002
0.005459 .00063
0.010233 .00082
0.004728 .00115
0.014415 .00096
0.000269 .00124
0.012523 .00064
0.019054 .00076
0.019583 .00119
0.002288 .00097
0.003439 .00041
0.007452 .00108
0.005416 .00092
0.002085 .00080
0.011175 .00062
0.012086 .00100
0.006347 .00103
0.002285 .00074
0.003960 .00035
0.002513 .00034
0.005733 .00055
0.013654 .00130
0.000480 .00113
0.003493 0
0.001852 0
0.000187 .00042
0.001711 .00043
0.004829 .00013
0.005453 .00072
0.002448 .00012
0.004737 .00035
0.001540 .00046
0.003553 .00073
0.001796 .00075
0.002745 .00057
0.007382 .00016
0.008339 .00102
0.002897 .00097
0.009167 .00085
0.003856 .00030
0.001444 .00028
0.011058 .00085
0.004645 .00117
0.027507 .00096
0.000048 .00112
0.001502 .00082
0.000079 .00078
0.001620 .00033
0.000005 .00025
0.000380 .00031
0.002989 .00033
0.000003 .00096
0.000079 .00044
0.000001 0
0.000005 .00018
0.000014 .00029
0.001824 .00032
0.004560 .00062
0.007389 .00102
0.004528 .00102
0.006408 .00086
0.000282 .00087
0.003636 .00075
0.001522 .00031
0.008643 .00034
0.001763 .00063
0.000160 .00028
0.000023 .00007
0.000020 .00018
0.000010 .00089
0.000003 .00122
0.000003 .00111
0.000002 .00058
0.000010 .00042
0.007242 .00058
0.000210 .00030
0.000023 .00032
0.000014 .00075
0.003407 .00040
0.000571 .00027
0.000023 .00053
0.000557 .00044
0.000068 .00047
0.000002 .00071
0.000001 .00094
0.000000 .00096
0.001161 .00054
0.009679 .00086
0.000585 .00121
0.001479 .00127
0.002015 .00076
0.007881 .00089
0.002612 .00092
0.001474 .00107
0.000317 .00121
0.001764 .00115
0.001443 .00078
0.000593 .00059
0.000010 .00111
0.000002 .00093
0.000415 .00088
0.000858 .00064
0.008330 .00076
0.000924 .00036
0.000030 .00136
0.003862 .00149
0.002619 .00149
0.000119 .00144
0.000034 .00144
0.000001 .00131
0.000004 .00140
0.000014 .00131
0.000003 .00101
0.000000 .00116
0.000602 .00135
0.008516 .00160
0.000029 .00153
0.000005 .00115
0.002517 .00171
0.000004 .00182
0.000002 .00137
0.000004 .00167
0.000002 .00184
0.000012 .00179
0.000002 .00197
0.000001 .00224
0.000002 .00233
0.000000 .00247
0.000000 .00237
0.000016 .00233
0.000012 .00110
0.000025 .00218
0.011658 .00175
0.006247 .00087
0.001361 .00280
0.000178 .00268
0.005628 .00129
0.000220 .00210
0.001587 .00150
0.012824 .00147
0.010247 .00198
0.005221 .00193
0.000490 .00185
0.000372 .00239
0.000356 .00229
0.000001 .00226
0.004859 .00296
0.002162 .00203
0.004112 .00150
0.002474 .00154
0.003419 .00228
0.003689 .00261
0.000346 .00242
0.001452 .00236
0.003210 .00259
0.007757 .00180
0.005646 .00238
0.000756 .00261
0.000095 .00282
0.004966 .00141
0.000078 .00285
0.000160 .00192
0.000001 .00244
0.001169 .00252
0.000310 .00178
0.000015 .00268
0.000599 .00350
0.004846 .00254
0.001295 .00319
0.008669 .00343
0.020859 .00108
0.006797 .00245
0.000049 .00420
0.009886 .00247
0.003335 .00333
0.000546 .00274
0.001551 .00338
0.008189 .00267
0.003886 .00253
0.000066 .00194
0.000001 .00319
0.000001 .00257
0.000000 .00368
0.001372 .00403
0.000086 .00419
0.000042 .00415
0.000006 .00395
0.000000 .00448
0.000039 .00495
0.000264 .00373
0.012521 .00336
0.005036 .00188
0.000003 .00384
0.000099 .00265
0.000400 .00369
0.000000 .00382
0.005786 .00309
0.004775 .00325
0.008422 .00378
0.014348 .00200
0.005034 .00308
0.003883 .00386
0.000150 .00329
0.000137 .00379
0.000059 .00403
0.003699 .00423
0.018250 .00190
0.027239 .00272
0.001822 .00280
0.002042 .00451
0.000308 .00442
0.000143 .00467
0.028254 .00080
0.013767 .00287
0.003036 .00308
0.002288 .00359
0.000014 .00327
0.007789 .00391
0.011979 .00442
0.005210 .00341
0.005395 .00392
0.003286 .00424
0.003296 .00260
0.003477 .00320
0.001133 .00456
0.010771 .00335
0.004146 .00457
0.030916 .00179
0.004720 .00466
0.013069 .00317
0.009084 .00253
0.007991 .00233
0.010045 .00279
0.000222 .00338
0.000869 .00376
0.001984 .00353
0.000096 .00391
0.000110 .00288
0.023104 .00350
0.013063 .00383
0.000369 .00375
0.000012 .00390
0.000011 .00426
0.006008 .00441
0.018581 .00373
0.001849 .00449
0.000007 .00341
0.000957 .00234
0.001404 .00440
0.004061 .00404
0.004449 .00384
0.005003 .00373
0.004800 .00415
0.002910 .00305
0.000120 .00376
0.000157 .00431
0.004643 .00445
0.010508 .00407
0.006797 .00364
0.000031 .00355
0.000002 .00374
0.000021 .00378
0.000000 .00386
0.000000 .00340
0.000438 .00328
0.000073 .00311
0.001488 .00349
0.008905 .00286
0.006856 .00363
0.001898 .00255
0.000064 .00356
0.003492 .00292
0.003346 .00326
0.004257 .00325
0.002544 .00345
0.001635 .00260
0.001758 .00239
0.004817 .00213
0.000600 .00278
0.006126 .00212
0.003288 .00325
0.016714 .00139
0.000026 .00207
0.001707 .00322
0.001750 .00288
0.000001 .00304
0.002530 .00285
0.000031 .00331
0.000001 .00246
0.003636 .00301
0.000849 .00281
0.000002 .00265
0.010764 .00306
0.010073 .00220
0.003170 .00263
0.000108 .00166
0.003221 .00182
0.000313 .00268
0.000520 .00251
0.001276 .00159
0.006120 .00246
0.000051 .00240
0.003029 .00226
0.025722 .00161
0.000403 .00201
0.000094 .00167
0.003051 .00194
0.025072 .00143
0.017406 .00119
0.005599 .00159
0.002556 .00170
0.003808 .00185
0.016641 .00212
0.002913 .00095
0.002571 .00145
0.007261 .00141
0.000385 .00148
0.003190 .00148
0.000119 .00161
0.000040 .00112
0.000065 .00118
0.000004 .00126
0.000025 .00106
0.000115 .00136
0.040505 .00148
0.000701 .00143
0.003500 .00095
0.002844 .00086
0.011999 .00103
0.005745 .00097
0.021697 .00082
0.010049 .00097
0.003614 .00072
0.000063 .00076
0.000132 .00049
0.001315 .00029
0.001278 .00064
0.000071 .00032
0.000274 .00079
0.000071 .00156
0.004965 .00162
0.002872 .00062
0.000126 .00034
0.006552 .00077
0.013833 .00118
0.005571 .00056
0.001805 .00104
0.000485 .00024
0.000059 .00021
0.002365 .00068
0.000340 .00042
0.003258 .00071
0.002888 .00078
0.001145 .00079
0.000765 .00033
0.000190 .00025
0.001666 .00027
0.012532 .00043
0.005150 .00041
0.000481 .00035
0.001080 .00037
0.002866 .00027
0.008674 .00052
0.001939 .00090
0.000990 .00020
0.003614 .00004
0.025117 .00045
0.000788 .00070
0.012189 .00019
0.005085 .00033
0.000652 .00036
0.000009 .00092
0.000002 .00109
0.000008 .00036
0.005883 0
0.000004 .00061
0.004708 .00020
0.001331 .00060
0.000921 .00036
0.000549 .00095
0.012085 .00060
0.001285 .00064
0.001787 .00039
0.000003 .00093
0.000016 .00124
0.000030 .00022
0.000123 0
0.000033 0
0.017500 .00069
0.000195 .00046
0.000487 0
0.001836 0
0.000064 0
0.008828 .00060
0.022838 .00102
0.002267 .00065
0.021892 .00027
0.003375 .00052
0.005137 .00022
0.002218 .00002
0.014249 .00045
0.004282 .00037
0.004705 .00063
0.005004 .00036
0.013741 .00093
0.002526 .00056
0.004291 .00066
0.000809 .00050
0.000167 .00033
0.000014 .00024
0.001802 0
0.001670 0
0.004982 .00024
0.000370 .00018
0.000068 .00010
0.001112 .00034
0.000026 .00012
0.000062 .00063
0.002625 .00016
0.000205 0
0.000370 .00032
0.000031 .00008
0.000040 .00009
0.000925 .00091
0.001449 .00117
0.001365 .00102
0.004902 .00105
0.000189 .00056
0.000056 .00064
0.000650 0
0.007470 .00037
0.008077 .00050
0.002034 .00063
0.011460 .00082
0.008454 .00045
0.014104 .00081
0.009286 .00088
0.001139 .00086
0.000784 .00108
0.003672 .00086
0.008640 .00121
0.001979 .00102
0.000036 .00130
0.000113 .00098
0.003904 .00082
0.001222 .00012
0.003099 .00046
0.000007 .00137
0.000243 .00104
0.013364 .00074
0.000800 .00054
0.000115 .00047
0.000014 .00037
0.000004 .00060
0.000034 .00051
0.000023 .00062
0.000001 .00090
0.000001 .00123
0.000016 .00118
0.000759 .00090
0.004327 .00135
0.000237 .00114
0.000019 .00084
0.000074 .00034
0.000053 .00095
0.000071 .00081
0.000000 .00062
0.000000 .00095
0.000060 .00065
0.000026 .00087
0.002699 .00084
0.001216 .00088
0.002231 .00076
0.002186 .00077
0.003891 .00175
0.000893 .00175
0.000053 .00150
0.000045 .00153
0.001244 .00103
0.001859 .00079
0.011042 .00095
0.010413 .00099
0.005744 .00104
0.008685 .00124
0.000300 .00143
0.000171 .00150
0.001148 .00143
0.000041 .00142
0.000163 .00170
0.000058 .00172
0.001536 .00174
0.001719 .00186
0.000215 .00178
0.000231 .00178
0.000076 .00193
0.000000 .00192
0.000001 .00197
0.000102 .00193
0.000522 .00211
0.001429 .00194
0.000003 .00187
0.000000 .00229
0.000001 .00204
0.000001 .00192
0.000102 .00194
0.000159 .00199
0.000026 .00159
0.000886 .00112
0.009204 .00231
0.004971 .00193
0.003875 .00276
0.004701 .00261
0.014848 .00182
0.000934 .00277
0.000002 .00251
0.000585 .00295
0.001110 .00196
0.000771 .00186
0.005582 .00177
0.002041 .00168
0.000322 .00151
0.004866 .00246
0.000460 .00237
0.002995 .00204
0.000756 .00304
0.000281 .00316
0.001106 .00294
0.000526 .00284
0.012637 .00275
0.000055 .00340
0.000093 .00326
0.000001 .00325
0.000016 .00404
0.003299 .00219
0.002796 .00269
0.004652 .00318
0.001600 .00234
0.007306 .00250
0.006318 .00326
0.001542 .00336
0.002624 .00163
0.000212 .00314
0.005024 .00263
0.015024 .00110
0.000111 .00412
0.003638 .00207
0.000004 .00269
0.000167 .00317
0.002402 .00255
0.000002 .00215
0.000000 .00395
0.000690 .00413
0.002406 .00371
0.000214 .00348
0.000441 .00085
0.000002 .00210
0.000004 .00425
0.000162 .00307
0.000037 .00371
0.000001 .00448
0.000000 .00406
0.000009 .00309
0.000001 .00410
0.000000 .00407
0.000054 .00422
0.000002 .00406
0.000000 .00428
0.003264 .00356
0.000121 .00354
0.000010 .00370
0.008273 .00437
0.002557 .00440
0.000016 .00420
0.000001 .00409
0.000000 .00364
0.000000 .00458
0.000797 .00359
0.001762 .00377
0.007765 .00396
0.001733 .00388
0.000001 .00352
0.000002 .00430
0.000091 .00329
0.006160 .00264
0.000130 .00142
0.000017 .00464
0.002439 .00326
0.001041 .00415
0.003482 .00225
0.003530 .00422
0.001253 .00416
0.000000 .00480
0.000003 .00496
0.000035 .00505
0.000001 .00466
0.000000 .00546
0.000000 .00384
0.000000 .00419
0.000000 .00544
0.000000 .00410
0.000000 .00446
0.000000 .00510
0.000001 .00516
0.000000 .00515
0.000000 .00540
0.000037 .00455
0.000000 .00340
0.000005 .00321
0.000565 .00376
0.019431 .00350
0.006688 .00469
0.001158 .00488
0.002614 .00493
0.021943 .00520
0.009586 .00319
0.014256 .00437
0.002437 .00452
0.009197 .00408
0.001098 .00429
0.000179 .00475
0.003370 .00444
0.000827 .00465
0.000383 .00142
0.000005 .00374
0.002199 .00410
0.002067 .00419
0.000056 .00362
0.001176 .00342
0.003806 .00388
0.000686 .00356
0.000000 .00328
0.004701 .00412
0.005460 .00344
0.000843 .00380
0.005244 .00130
0.000537 .00373
0.000021 .00328
0.002441 .00324
0.001420 .00282
0.000104 .00348
0.000612 .00305
0.000227 .00121
0.000060 .00266
0.000006 .00343
0.000202 .00348
0.000152 .00132
0.000303 .00282
0.001396 .00326
0.000790 .00330
0.000284 .00260
0.000041 .00345
0.000008 .00314
0.000000 .00319
0.000668 .00304
0.027507 .00092
0.002000 .00238
0.000043 .00289
0.000316 .00244
0.000014 .00160
0.006265 .00127
0.003695 .00251
0.001200 .00105
0.004155 .00214
0.012371 .00120
0.000111 .00239
0.000098 .00210
0.006439 .00223
0.006164 .00085
0.000019 .00168
0.000004 .00207
0.000008 .00210
0.000012 .00201
0.000602 .00097
0.000518 .00086
0.000884 .00205
0.000069 .00158
0.000000 .00182
0.000000 .00159
0.000000 .00150
0.000161 .00194
0.006845 .00108
0.006191 .00104
0.001980 .00082
0.000028 .00131
0.000211 .00128
0.004472 .00167
0.001416 .00152
0.000102 .00217
0.000054 .00232
0.000005 .00181
0.000039 .00106
0.002170 .00113
0.001614 .00128
0.000623 .00092
0.021537 .00052
0.005482 .00072
0.008629 .00042
0.008690 .00043
0.003983 .00074
0.017169 .00024
0.010088 .00055
0.001185 .00096
0.002679 .00102
0.007436 .00041
0.008229 .00083
0.007112 .00117
0.002096 .00090
0.000140 .00118
0.004620 .00119
0.005239 .00090
0.000087 .00108
0.015503 .00044
0.000028 .00135
0.000068 .00057
0.002319 .00013
0.004491 .00090
0.002370 .00106
0.001957 .00068
0.000660 .00042
0.001861 .00043
0.001683 .00068
0.000258 .00085
0.001725 .00101
0.000020 .00121
0.000281 .00062
0.000058 .00028
0.002644 .00020
0.000017 .00040
0.007426 .00069
0.000630 .00103
0.000020 .00102
0.000074 .00053
0.000061 .00025
0.000004 .00099
0.000097 .00053
0.002303 .00013
0.000069 .00014
0.004675 .00028
0.000033 .00083
0.000255 .00089
0.000039 .00001
0.000515 0
0.003178 .00046
0.020242 .00074
0.001232 .00117
0.001268 .00091
0.002723 .00034
0.006239 .00069
0.000082 .00035
0.000032 .00004
0.004316 .00019
0.002017 .00108
0.000969 .00020
0.016245 .00079
0.015055 .00035
0.000900 .00072
0.000979 .00069
0.010648 .00069
0.003914 .00076
0.017394 .00096
0.013169 .00043
0.003019 .00102
0.024074 .00057
0.004118 .00112
0.000058 .00073
0.016985 0
0.020970 .00112
0.003388 .00073
0.019047 .00056
0.018381 .00061
0.003537 .00039
0.009045 .00035
0.009042 .00038
0.007168 .00073
0.001597 .00038
0.008407 .00053
0.012959 .00039
0.003265 .00051
0.000137 .00039
0.000162 .00004
0.004343 .00048
0.000154 .00047
0.000805 .00053
0.003888 .00011
0.002619 .00006
0.006528 .00031
0.001145 .00003
0.000709 .00023
0.009306 .00008
0.000362 0
0.000042 0
0.003648 .00032
0.003410 .00030
0.000282 .00049
0.004575 .00059
0.018170 .00052
0.006918 .00057
0.002157 .00031
0.005048 .00023
0.001258 .00072
0.000062 .00080
0.004452 .00065
0.020181 .00094
0.000606 .00096
0.001450 .00068
0.014213 .00071
0.005727 .00082
0.000521 .00057
0.008370 .00044
0.014285 .00097
0.002285 .00087
0.001822 .00072
0.000846 .00052
0.016660 .00092
0.002631 .00153
0.017945 .00073
0.002590 .00052
0.000111 .00099
0.003233 .00059
0.003678 .00070
0.003287 .00069
0.004458 .00091
0.003437 .00096
0.007747 .00137
0.022427 .00117
0.004755 .00114
0.005008 .00107
0.008692 .00098
0.001627 .00113
0.000560 .00067
0.008189 .00102
0.004724 .00103
0.000296 .00089
0.000048 .00109
0.000771 .00105
0.016913 .00119
0.000887 .00145
0.000179 .00144
0.007298 .00158
0.000117 .00118
0.000062 .00121
0.000003 .00135
0.000000 .00148
0.000198 .00138
0.000010 .00140
0.000905 .00168
0.003612 .00155
0.001471 .00110
0.003968 .00158
0.017057 .00151
0.009697 .00202
0.000832 .00169
0.000197 .00176
0.000041 .00200
0.000335 .00167
0.002311 .00156
0.001219 .00161
0.004179 .00113
0.000009 .00143
0.000032 .00144
0.007963 .00103
0.003641 .00183
0.001865 .00166
0.007873 .00117
0.000294 .00129
0.001091 .00149
0.001203 .00204
0.006343 .00140
0.003689 .00225
0.000432 .00214
0.000116 .00183
0.000490 .00241
0.000351 .00163
0.002330 .00181
0.000012 .00242
0.000000 .00263
0.000720 .00277
0.000111 .00228
0.000000 .00254
0.000005 .00234
0.000000 .00208
0.000106 .00213
0.002308 .00093
0.000459 .00292
0.000227 .00313
0.012959 .00127
0.000073 .00203
0.003558 .00108
0.000131 .00320
0.000036 .00322
0.007538 .00313
0.000688 .00125
0.000007 .00316
0.000618 .00335
0.000251 .00266
0.000924 .00301
0.002497 .00322
0.008946 .00273
0.006812 .00229
0.003126 .00304
0.005193 .00284
0.008359 .00273
0.000917 .00323
0.000491 .00353
0.000400 .00375
0.000003 .00325
0.000011 .00416
0.000034 .00443
0.000282 .00441
0.001037 .00356
0.003496 .00320
0.000338 .00406
0.001531 .00117
0.000380 .00134
0.008302 .00242
0.010663 .00347
0.001908 .00407
0.001001 .00121
0.008971 .00071
0.000008 .00252
0.000000 .00442
0.000000 .00444
0.002483 .00483
0.002445 .00344
0.001735 .00429
0.030404 .00223
0.000478 .00247
0.000008 .00462
0.010212 .00257
0.000409 .00449
0.008215 .00363
0.001883 .00497
0.000018 .00474
0.001396 .00490
0.001597 .00457
0.002515 .00400
0.000064 .00406
0.000014 .00292
0.000381 .00400
0.000014 .00414
0.000001 .00418
0.000000 .00476
0.000004 .00455
0.000000 .00507
0.000582 .00480
0.000200 .00403
0.001672 .00455
0.000013 .00488
0.000200 .00408
0.000548 .00448
0.000001 .00404
0.000105 .00471
0.000008 .00496
0.001532 .00419
0.000190 .00398
0.004536 .00283
0.000700 .00357
0.002811 .00221
0.004764 .00460
0.000965 .00425
0.000000 .00362
0.000045 .00318
0.000010 .00427
0.006571 .00526
0.000007 .00427
0.003374 .00455
0.000617 .00355
0.003817 .00473
0.000001 .00500
0.001206 .00382
0.008214 .00255
0.000046 .00422
0.000001 .00437
0.000000 .00471
0.000115 .00424
0.000059 .00384
0.000000 .00399
0.004722 .00488
0.001899 .00418
0.000022 .00449
0.001001 .00373
0.001335 .00434
0.002830 .00451
0.001319 .00264
0.024311 .00295
0.006923 .00377
0.000003 .00422
0.011242 .00457
0.004062 .00399
0.000016 .00374
0.009518 .00422
0.001955 .00364
0.024078 .00160
0.002531 .00362
0.006754 .00332
0.000062 .00374
0.006605 .00335
0.000152 .00331
0.002200 .00330
0.000621 .00351
0.000545 .00305
0.000777 .00297
0.005296 .00332
0.007779 .00264
0.001917 .00283
0.002535 .00283
0.000000 .00313
0.000002 .00287
0.000013 .00299
0.001029 .00277
0.006339 .00261
0.012004 .00265
0.000009 .00266
0.000983 .00297
0.000004 .00214
0.000010 .00273
0.000000 .00180
0.000005 .00268
0.002615 .00268
0.000180 .00176
0.000005 .00226
0.000018 .00235
0.000000 .00283
0.000001 .00241
0.000051 .00234
0.000001 .00223
0.000046 .00222
0.001021 .00202
0.004188 .00136
0.000098 .00191
0.000165 .00167
0.000125 .00223
0.001019 .00174
0.000658 .00074
0.000008 .00178
0.001044 .00185
0.002574 .00075
0.000217 .00160
0.000994 .00175
0.000011 .00216
0.000272 .00191
0.000025 .00139
0.000000 .00171
0.001050 .00188
0.000251 .00139
0.001301 .00183
0.058803 .00233
0.001703 .00081
0.010996 .00176
0.003757 .00160
0.000083 .00131
0.002033 .00142
0.003028 .00123
0.002855 .00131
0.000414 .00095
0.001546 .00094
0.003860 .00161
0.000013 .00123
0.003366 .00149
0.002668 .00056
0.009320 .00104
0.015044 .00118
0.003150 .00133
0.005083 .00104
0.000173 .00186
0.001108 .00146
0.002415 .00108
0.000779 .00080
0.000319 .00119
0.011178 .00134
0.013897 .00137
0.011890 .00104
0.000978 .00054
0.000214 .00092
0.003707 .00080
0.005311 .00129
0.005255 .00099
0.002603 .00070
0.002251 .00006
0.002326 .00094
0.012563 .00069
0.000536 .00059
0.004075 .00064
0.000066 .00022
0.000057 0
0.006515 .00056
0.001978 .00039
0.004347 .00054
0.011999 .00012
0.000071 0
0.008590 .00013
0.001725 .00039
0.000346 0
0.001659 .00024
0.000084 0
0.004736 .00020
0.001167 .00025
0.000102 .00019
0.000007 .00043
0.000136 0
0.000504 .00033
0.000697 .00022
0.000159 .00028
0.000598 .00048
0.000039 .00026
0.001525 .00022
0.000021 .00080
0.000065 0
0.000088 0
0.000068 .00036
0.011609 .00046
0.010379 .00082
0.001227 .00089
0.019442 .00064
0.012365 .00150
0.005454 .00126
0.002016 .00072
0.001091 .00051
0.002454 .00057
0.000580 .00049
0.009339 .00059
0.001904 .00042
0.006612 .00039
0.004654 .00099
0.000656 .00099
0.031524 .00061
0.007019 .00074
0.002459 .00033
0.004635 .00059
0.000113 .00018
0.000059 0
0.000218 .00005
0.000055 0
0.000213 .00002
0.000040 .00032
0.004104 .00018
0.018514 .00060
0.004511 .00115
0.000001 .00085
0.000047 .00028
0.004586 0
0.002171 .00033
0.013007 .00054
0.010630 .00078
0.015426 .00113
0.006701 .00132
0.015564 .00105
0.005678 .00115
0.000444 .00096
0.015554 .00116
0.004908 .00186
0.004877 .00146
0.001603 .00077
0.000320 .00058
0.000014 .00036
0.000032 .00027
0.000014 .00085
0.000108 .00017
0.005640 .00055
0.000521 .00129
0.004274 .00071
0.000369 .00095
0.007673 .00080
0.006517 .00132
0.000401 .00105
0.001293 .00074
0.000012 .00142
0.000003 .00149
0.000018 .00120
0.000252 .00081
0.000058 .00131
0.000025 .00054
0.000043 .00033
0.000061 .00049
0.000017 .00073
0.000009 .00029
0.000005 .00013
0.000018 .00059
0.000188 .00073
0.000542 .00065
0.000010 .00037
0.005038 .00049
0.000880 .00063
0.000803 .00113
0.005632 .00084
0.002314 .00088
0.001521 .00101
0.000385 .00120
0.009878 .00081
0.008572 .00177
0.001528 .00187
0.012334 .00133
0.001690 .00108
0.001518 .00152
0.017194 .00124
0.004551 .00163
0.002621 .00160
0.004195 .00187
0.000127 .00168
0.000296 .00100
0.010507 .00142
0.008198 .00162
0.000414 .00133
0.003673 .00123
0.000247 .00154
0.003798 .00125
0.025585 .00140
0.000471 .00135
0.000001 .00166
0.000399 .00159
0.000724 .00119
0.000832 .00107
0.000009 .00117
0.000006 .00169
0.000020 .00161
0.000003 .00138
0.000022 .00163
0.000112 .00172
0.000358 .00145
0.005396 .00168
0.000100 .00138
0.009861 .00200
0.003442 .00114
0.004113 .00134
0.015398 .00219
0.002636 .00259
0.000771 .00206
0.004605 .00209
0.002695 .00104
0.000069 .00186
0.000061 .00236
0.000006 .00212
0.000004 .00232
0.000000 .00258
0.000001 .00257
0.002167 .00281
0.006463 .00246
0.002890 .00126
0.000826 .00244
0.004136 .00235
0.000041 .00177
0.000025 .00258
0.000000 .00238
0.000007 .00257
0.000272 .00206
0.000004 .00304
0.000000 .00281
0.000000 .00274
0.000000 .00339
0.005783 .00315
0.000022 .00074
0.000852 .00336
0.003846 .00349
0.006064 .00297
0.007299 .00296
0.000631 .00262
0.000015 .00295
0.006618 .00296
0.010241 .00124
0.004396 .00349
0.013377 .00172
0.004239 .00206
0.000026 .00264
0.006741 .00289
0.001652 .00158
0.006022 .00257
0.005328 .00362
0.000424 .00341
0.000001 .00321
0.000001 .00233
0.001258 .00389
0.002549 .00278
0.005368 .00267
0.004367 .00298
0.000260 .00349
0.000992 .00394
0.000215 .00381
0.000004 .00293
0.001285 .00386
0.000070 .00308
0.000003 .00226
0.000001 .00275
0.007818 .00258
0.002760 .00371
0.001224 .00345
0.005863 .00417
0.001670 .00269
0.020930 .00376
0.000186 .00341
0.000018 .00444
0.000043 .00422
0.002990 .00375
0.002272 .00331
0.000009 .00406
0.000002 .00393
0.000000 .00444
0.000000 .00453
0.000000 .00436
0.000304 .00421
0.002466 .00336
0.000309 .00250
0.001600 .00444
0.001582 .00402
0.000128 .00225
0.000080 .00349
0.000419 .00263
0.002368 .00200
0.005039 .00395
0.000846 .00179
0.000531 .00293
0.001355 .00307
0.006798 .00225
0.001167 .00360
0.006923 .00463
0.000964 .00285
0.000049 .00399
0.000002 .00509
0.002975 .00481
0.000801 .00451
0.018426 .00456
0.000238 .00355
0.003231 .00378
0.008822 .00389
0.008570 .00462
0.002332 .00227
0.001107 .00470
0.001294 .00539
0.002396 .00535
0.003650 .00436
0.004456 .00136
0.000040 .00320
0.000032 .00362
0.014372 .00431
0.003166 .00323
0.007692 .00456
0.001476 .00327
0.002207 .00298
0.001940 .00366
0.000512 .00403
0.000721 .00421
0.002292 .00341
0.003063 .00346
0.012693 .00359
0.013687 .00088
0.005857 .00164
0.003413 .00317
0.000070 .00382
0.008791 .00359
0.001724 .00439
0.001838 .00377
0.001197 .00339
0.000733 .00357
0.003470 .00418
0.000049 .00370
0.000005 .00409
0.000493 .00445
0.000051 .00372
0.001309 .00399
0.000002 .00345
0.000010 .00406
0.005272 .00365
0.004047 .00077
0.000004 .00356
0.000010 .00391
0.000000 .00317
0.000804 .00102
0.000910 .00391
0.000576 .00336
0.000426 .00286
0.007480 .00274
0.003092 .00347
0.000011 .00300
0.002578 .00358
0.004409 .00319
0.001654 .00340
0.001446 .00361
0.000311 .00347
0.000010 .00291
0.000115 .00166
0.004727 .00308
0.000016 .00288
0.000047 .00153
0.002864 .00209
0.000000 .00208
0.000012 .00316
0.000060 .00093
0.000003 .00197
0.000000 .00138
0.000000 .00205
0.001289 .00221
0.004283 .00101
0.001231 .00245
0.007175 .00164
0.000022 .00041
0.000063 .00207
0.000613 .00213
0.000023 .00207
0.000000 .00211
0.008008 .00168
0.000629 .00058
0.000042 .00195
0.002885 .00179
0.004417 .00271
0.000015 .00240
0.000003 .00175
0.000011 .00162
0.000003 .00161
0.000019 .00152
0.000014 .00139
0.000013 .00167
0.000025 .00177
0.000001 .00093
0.000002 .00139
0.004917 .00080
0.002131 .00068
0.001990 .00085
0.000004 .00137
0.000114 .00119
0.000001 .00102
0.001544 .00151
0.001367 .00078
0.000028 .00130
0.000004 .00137
0.000035 .00156
0.000231 .00176
0.000004 .00176
0.000022 .00139
0.000101 .00112
0.002948 .00116
0.001236 .00128
0.000008 .00168
0.006995 .00121
0.001338 .00099
0.000199 .00139
0.000003 .00115
0.000965 .00047
0.010938 .00037
0.002283 .00046
0.001492 .00039
0.000631 .00060
0.000037 .00026
0.000071 .00035
0.008899 .00050
0.000233 .00020
0.001469 .00016
0.002260 .00029
0.009985 .00004
0.016546 .00072
0.017534 .00145
0.005056 .00159
0.001256 .00030
0.008039 .00109
0.017479 .00190
0.027794 .00133
0.011961 .00078
0.001899 .00178
0.013864 .00093
0.010885 .00093
0.003519 .00147
0.004636 .00123
0.002052 .00140
0.000032 .00098
0.002866 .00095
0.000575 .00062
0.000109 .00119
0.001272 .00041
0.010539 .00067
0.018027 .00131
0.014832 .00155
0.005525 .00075
0.007653 .00070
0.002224 .00065
0.031928 .00039
0.029954 .00125
0.036277 .00178
0.002219 .00135
0.001727 .00052
0.008028 .00078
0.012062 .00143
0.002211 .00121
0.004458 .00121
0.002128 .00059
0.001014 .00031
0.000468 .00004
0.000844 .00030
0.000528 .00028
0.001856 .00050
0.003742 .00070
0.014479 .00076
0.002706 .00084
0.015868 .00134
0.005345 .00083
0.017421 .00127
0.002301 .00122
0.022561 .00100
0.016580 .00037
0.000107 .00054
0.001038 .00041
0.016087 .00055
0.007345 .00109
0.004493 .00086
0.003524 .00128
0.006631 .00095
0.007874 .00067
0.010042 .00049
0.012250 .00071
0.007126 .00078
0.004077 .00090
0.003416 .00049
0.021333 .00024
0.017460 .00088
0.013477 .00005
0.008554 .00011
0.003810 .00058
0.000023 .00076
0.000016 .00097
0.001804 .00101
0.001260 .00058
0.004237 .00034
0.000253 .00033
0.000023 0
0.005453 .00047
0.002422 .00048
0.002580 .00048
0.000123 .00059
0.014402 .00066
0.022397 .00117
0.006394 .00112
0.010943 .00138
0.007009 .00161
0.003502 .00181
0.008830 .00100
0.011492 .00122
0.000783 .00207
0.002712 .00134
0.000430 .00091
0.007633 .00080
0.003477 .00068
0.011132 .00117
0.005816 .00088
0.002006 .00119
0.000090 .00109
0.000846 .00093
0.001458 .00033
0.005717 .00083
0.000747 .00128
0.000081 .00131
0.026219 .00144
0.001295 .00084
0.000809 .00094
0.007939 .00096
0.006860 .00095
0.001842 .00084
0.000007 .00120
0.000023 .00106
0.000145 .00105
0.000004 .00135
0.000006 .00116
0.000003 .00114
0.000044 .00109
0.016971 .00115
0.001997 .00120
0.000754 .00141
0.003418 .00116
0.002455 .00132
0.000097 .00164
0.001367 .00119
0.000619 .00126
0.007182 .00098
0.000141 .00034
0.000010 .00108
0.001730 .00109
0.000071 .00140
0.000002 .00125
0.000001 .00132
0.000745 .00091
0.000201 .00087
0.000123 .00080
0.000002 .00062
0.000000 .00137
0.000005 .00134
0.000004 .00158
0.000000 .00161
0.002036 .00144
0.000386 .00092
0.001890 .00224
0.015095 .00135
0.008924 .00186
0.000313 .00124
0.001742 .00143
0.001241 .00186
0.000663 .00211
0.003628 .00148
0.002673 .00092
0.004580 .00247
0.009918 .00075
0.004237 .00126
0.002396 .00220
0.004252 .00219
0.004258 .00207
0.003297 .00148
0.000410 .00233
0.000476 .00176
0.011039 .00092
0.003989 .00150
0.000089 .00115
0.002742 .00170
0.000265 .00240
0.000599 .00276
0.000017 .00229
0.000001 .00297
0.000008 .00301
0.000002 .00314
0.000025 .00277
0.000526 .00287
0.000221 .00254
0.000212 .00260
0.003886 .00278
0.000796 .00230
0.014990 .00224
0.003866 .00261
0.001220 .00340
0.007314 .00141
0.001865 .00228
0.001153 .00338
0.000239 .00318
0.000006 .00355
0.000000 .00294
0.000660 .00281
0.000042 .00401
0.000014 .00329
0.000000 .00293
0.000000 .00310
0.000001 .00303
0.000000 .00172
0.000000 .00310
0.000000 .00378
0.000000 .00333
0.001887 .00373
0.004458 .00306
0.005835 .00251
0.002769 .00407
0.004081 .00334
0.002027 .00404
0.000271 .00349
0.000001 .00368
0.000814 .00170
0.004824 .00227
0.000402 .00284
0.000045 .00403
0.000074 .00360
0.000041 .00324
0.000001 .00163
0.000001 .00162
0.000007 .00182
0.000080 .00226
0.000000 .00344
0.000051 .00367
0.003242 .00463
0.005150 .00491
0.000005 .00380
0.004585 .00442
0.000689 .00315
0.004166 .00286
0.001697 .00257
0.001680 .00173
0.004420 .00449
0.008309 .00318
0.002443 .00279
0.002225 .00194
0.000007 .00319
0.006699 .00391
0.000707 .00390
0.000549 .00430
0.000658 .00462
0.001148 .00461
0.011812 .00458
0.000435 .00458
0.003622 .00370
0.000082 .00437
0.002545 .00300
0.004809 .00197
0.006508 .00415
0.006137 .00420
0.003350 .00413
0.000384 .00447
0.013859 .00403
0.000102 .00322
0.002143 .00397
0.007523 .00399
0.001237 .00424
0.000876 .00187
0.003233 .00371
0.000027 .00410
0.000010 .00443
0.001979 .00433
0.000000 .00431
0.010156 .00365
0.000075 .00480
0.000152 .00379
0.000349 .00492
0.010783 .00550
0.006518 .00386
0.000275 .00433
0.000828 .00496
0.000565 .00412
0.007712 .00469
0.001172 .00396
0.010163 .00384
0.000010 .00364
0.000548 .00212
0.000093 .00332
0.000255 .00413
0.000277 .00357
0.000001 .00450
0.001983 .00385
0.007618 .00416
0.001811 .00425
0.002500 .00364
0.001848 .00449
0.004902 .00338
0.000113 .00425
0.001747 .00268
0.022583 .00347
0.002370 .00207
0.006509 .00371
0.001187 .00384
0.000030 .00326
0.000006 .00357
0.000005 .00357
0.000055 .00312
0.000000 .00315
0.008060 .00155
0.011706 .00198
0.000771 .00339
0.000581 .00295
0.000750 .00333
0.000000 .00332
0.000150 .00184
0.000013 .00329
0.001002 .00325
0.000370 .00122
0.000003 .00306
0.001018 .00338
0.000336 .00301
0.002509 .00319
0.000649 .00293
0.004049 .00159
0.000381 .00156
0.000050 .00222
0.000426 .00318
0.001209 .00283
0.010360 .00301
0.007374 .00279
0.000022 .00251
0.000030 .00320
0.002613 .00257
0.000722 .00288
0.000149 .00198
0.004334 .00258
0.000055 .00097
0.000003 .00228
0.000271 .00222
0.000002 .00120
0.000036 .00230
0.007364 .00229
0.002475 .00219
0.000210 .00244
0.003768 .00229
0.001239 .00227
0.000573 .00164
0.000628 .00148
0.013344 .00183
0.005439 .00276
0.000427 .00213
0.000299 .00108
0.000039 .00169
0.000007 .00128
0.000000 .00132
0.000004 .00174
0.000011 .00215
0.000035 .00123
0.000048 .00141
0.000009 .00160
0.001533 .00176
0.000829 .00133
0.001368 .00169
0.004118 .00174
0.003402 .00174
0.001429 .00109
0.004853 .00050
0.007887 .00135
0.000578 .00141
0.000596 .00132
0.000187 .00082
0.000101 .00072
0.001123 .00119
0.001662 .00145
0.000379 .00071
0.000007 .00071
0.000196 .00105
0.001274 .00105
0.000109 .00122
0.000148 .00087
0.000006 .00042
0.005115 .00052
0.000032 .00111
0.000426 .00110
0.001522 .00059
0.002304 .00070
0.000267 .00178
0.000534 .00170
0.000059 .00157
0.003917 .00087
0.005023 .00054
0.000090 .00068
0.011571 .00125
0.000069 .00060
0.008157 .00061
0.000971 .00057
0.004068 .00050
0.012523 .00144
0.004646 .00104
0.000627 .00059
0.000155 .00047
0.000024 .00050
0.021753 .00092
0.002810 .00049
0.000031 .00091
0.000080 .00038
0.000171 0
0.000369 .00031
0.000274 .00140
0.000025 .00080
0.000069 .00033
0.000014 .00055
0.000045 .00058
0.000206 .00034
0.000028 0
0.000001 .00042
0.000096 .00023
0.004473 .00037
0.000464 .00080
0.000732 0
0.000162 .00028
0.000174 .00038
0.000151 .00065
0.000467 .00027
0.000926 0
0.001823 0
0.000530 .00040
0.000409 .00012
0.000721 .00028
0.000066 .00053
0.000186 .00029
0.005451 .00026
0.005189 .00082
0.008472 .00118
0.035070 .00122
0.005834 .00171
0.012814 .00109
0.003366 .00182
0.000028 .00050
0.000004 .00014
0.000043 .00029
0.000010 .00021
0.003756 .00056
0.000564 .00105
0.000156 .00100
0.000124 .00071
0.000000 .00148
0.001138 .00041
0.000875 .00054
0.000424 0
0.005164 0
0.007589 .00043
0.002392 .00081
0.003787 .00166
0.002091 .00112
0.000155 .00132
0.009164 .00114
0.003046 .00043
0.000203 .00015
0.000225 .00023
0.000000 .00030
0.000010 0
0.000012 0
0.000255 .00039
0.000239 .00058
0.000130 .00037
0.000100 .00033
0.000000 .00041
0.000000 .00029
0.003294 .00053
0.004143 .00052
0.000029 .00034
0.000269 .00050
0.001450 .00075
0.000632 .00022
0.004256 .00055
0.007241 .00072
0.001179 .00092
0.000071 .00047
0.006406 .00073
0.002342 .00076
0.000018 .00087
0.000057 .00119
0.004032 .00133
0.005587 .00115
0.000502 .00126
0.000002 .00095
0.000040 .00091
0.001541 .00057
0.000656 .00086
0.000353 .00074
0.002393 .00085
0.001629 .00104
0.000206 .00127
0.006353 .00112
0.014374 .00135
0.011967 .00086
0.016950 .00120
0.002952 .00109
0.009170 .00087
0.004220 .00097
0.000210 .00086
0.000667 .00124
0.001836 .00144
0.007899 .00108
0.003975 .00049
0.000740 .00101
0.001054 .00047
0.004180 .00133
0.005872 .00152
0.000001 .00135
0.000264 .00056
0.000520 .00053
0.000108 .00150
0.000655 .00139
0.000478 .00155
0.000186 .00157
0.005841 .00121
0.009472 .00158
0.011666 .00130
0.003743 .00117
0.007991 .00149
0.001675 .00234
0.013153 .00119
0.000045 .00175
0.000002 .00185
0.000000 .00209
0.000002 .00192
0.000021 .00178
0.000471 .00160
0.002309 .00122
0.004033 .00123
0.000989 .00206
0.001014 .00196
0.000000 .00225
0.000646 .00223
0.000001 .00224
0.000001 .00192
0.000101 .00230
0.000002 .00134
0.000001 .00256
0.000336 .00279
0.000276 .00225
0.001394 .00204
0.000030 .00173
0.001806 .00249
0.001279 .00165
0.000691 .00267
0.004033 .00124
0.000136 .00267
0.000040 .00294
0.000191 .00188
0.000578 .00256
0.000080 .00241
0.000000 .00206
0.001042 .00316
0.001523 .00302
0.001811 .00271
0.000841 .00259
0.000833 .00161
0.000227 .00245
0.000001 .00196
0.000000 .00261
0.000005 .00248
0.000000 .00272
0.000000 .00265
0.000000 .00283
0.000000 .00301
0.000000 .00257
0.000000 .00189
0.000000 .00245
0.000000 .00292
0.000000 .00373
0.000000 .00325
0.001612 .00219
0.000663 .00311
0.001707 .00360
0.009828 .00137
0.000712 .00289
0.000001 .00226
0.000005 .00407
0.006294 .00104
0.008890 .00310
0.000400 .00359
0.005806 .00298
0.001055 .00434
0.000006 .00435
0.000000 .00481
0.000000 .00426
0.004622 .00420
0.000000 .00336
0.000960 .00147
0.000998 .00385
0.000000 .00454
0.001601 .00403
0.000374 .00284
0.000135 .00450
0.006930 .00473
0.028365 .00209
0.033445 .00088
0.001560 .00365
0.015138 .00194
0.003215 .00442
0.000965 .00106
0.005612 .00425
0.000240 .00407
0.002850 .00439
0.000533 .00378
0.006371 .00463
0.000253 .00395
0.000001 .00515
0.000000 .00559
0.000000 .00567
0.000060 .00318
0.003271 .00294
0.001769 .00424
0.000135 .00203
0.000127 .00341
0.000023 .00477
0.011840 .00439
0.005663 .00191
0.011878 .00164
0.030508 .00110
0.000644 .00243
0.000063 .00433
0.003591 .00460
0.005463 .00395
0.006895 .00066
0.000578 .00306
0.000885 .00287
0.000180 .00394
0.000005 .00469
0.007029 .00452
0.001023 .00281
0.000055 .00349
0.000000 .00431
0.005614 .00451
0.001450 .00382
0.005962 .00198
0.000003 .00453
0.000001 .00453
0.000000 .00443
0.008684 .00344
0.000130 .00201
0.000914 .00398
0.009495 .00300
0.004947 .00205
0.000000 .00203
0.006028 .00313
0.007438 .00160
0.003313 .00332
0.002863 .00352
0.001800 .00427
0.001837 .00429
0.004208 .00440
0.005936 .00399
0.004315 .00188
0.002584 .00326
0.000909 .00396
0.002794 .00402
0.005715 .00352
0.000961 .00414
0.000001 .00147
0.000000 .00346
0.000110 .00403
0.004775 .00186
0.000696 .00257
0.004470 .00407
0.018692 .00353
0.000235 .00400
0.014894 .00387
0.003896 .00429
0.002047 .00366
0.000856 .00376
0.000005 .00302
0.000080 .00305
0.010060 .00303
0.000021 .00206
0.002059 .00323
0.008405 .00332
0.000207 .00290
0.000034 .00342
0.002766 .00380
0.000032 .00283
0.000299 .00263
0.000105 .00331
0.000004 .00218
0.000041 .00311
0.002981 .00284
0.009454 .00163
0.001285 .00099
0.000480 .00303
0.008961 .00154
0.003163 .00285
0.000176 .00237
0.008685 .00168
0.000438 .00271
0.007296 .00296
0.005811 .00237
0.001726 .00246
0.001510 .00268
0.002324 .00204
0.000467 .00204
0.000003 .00176
0.000105 .00219
0.011299 .00227
0.000181 .00122
0.000489 .00222
0.000009 .00214
0.014953 .00235
0.000032 .00074
0.000011 .00158
0.005235 .00159
0.000404 .00201
0.000410 .00100
0.002291 .00144
0.007379 .00053
0.000709 .00249
0.007648 .00262
0.016205 .00184
0.000026 .00206
0.001972 .00210
0.000192 .00141
0.000124 .00142
0.003806 .00139
0.009416 .00153
0.006657 .00103
0.005551 .00188
0.002300 .00205
0.000742 .00139
0.003267 .00134
0.004069 .00128
0.004225 .00202
0.000651 .00102
0.005748 .00073
0.001759 .00092
0.003962 .00136
0.000085 .00138
0.002666 .00094
0.001340 .00084
0.000028 .00084
0.000072 .00104
0.000071 .00119
0.000056 .00146
0.000025 .00186
0.001956 .00102
0.002074 .00068
0.004194 .00070
0.000012 .00094
0.001337 .00066
0.000721 .00093
0.000042 .00123
0.009272 .00092
0.000061 .00085
0.002891 .00110
0.000839 .00120
0.000023 .00180
0.000002 .00107
0.000028 .00150
0.002103 .00131
0.000049 .00059
0.004212 .00022
0.000424 .00119
0.001633 .00119
0.000007 .00153
0.010425 .00087
0.008380 .00028
0.007744 .00016
0.019617 .00103
0.000316 .00091
0.003211 .00087
0.000320 .00104
0.004503 .00117
0.000863 .00114
0.000077 .00130
0.000000 .00162
0.000002 .00163
0.000096 .00145
0.000548 .00035
0.000173 .00028
0.000177 .00031
0.000005 .00071
0.008813 .00087
0.002594 .00151
0.000000 .00131
0.000002 .00075
0.000093 .00016
0.000197 .00045
0.004486 .00053
0.004599 .00059
0.006315 .00070
0.000012 .00109
0.001257 .00071
0.001120 .00044
0.000039 .00034
0.000830 .00002
0.000083 0
0.000144 0
0.000401 0
0.004370 .00060
0.015367 .00093
0.017828 .00127
0.000190 .00044
0.000002 .00110
0.000206 .00076
0.002683 .00019
0.005342 .00087
0.004608 .00087
0.001633 .00072
0.013505 .00059
0.006886 .00111
0.007157 .00019
0.004576 .00036
0.000028 .00130
0.000037 .00058
0.000142 .00101
0.000253 .00050
0.000020 .00020
0.000048 .00017
0.000001 .00023
0.000142 .00103
0.008163 .00082
0.005461 .00067
0.008210 .00122
0.003687 .00145
0.002951 .00055
0.005446 .00068
0.000614 .00051
0.006481 .00042
0.003739 .00058
0.021004 .00072
0.002264 .00103
0.000576 .00080
0.001286 .00016
0.002537 .00072
0.008274 .00087
0.000394 .00120
0.009865 .00114
0.004320 .00125
0.000217 .00144
0.002345 .00125
0.003848 .00028
0.000015 .00121
0.002447 .00096
0.000025 .00071
0.001465 .00079
0.001255 .00069
0.002772 .00046
0.012881 .00064
0.000732 .00121
0.002520 .00127
0.001069 .00069
0.002515 .00103
0.001793 .00132
0.004457 .00121
0.000071 .00096
0.008182 .00069
0.001073 .00040
0.000001 .00083
0.000047 .00054
0.000013 .00066
0.000002 .00118
0.000035 .00132
0.000001 .00128
0.001313 .00144
0.004161 .00121
0.009470 .00131
0.003301 .00140
0.000238 .00123
0.000116 .00117
0.002608 .00060
0.010458 .00077
0.001611 .00061
0.001128 .00100
0.001191 .00078
0.003987 .00135
0.010678 .00041
0.000043 .00037
0.000206 .00031
0.000240 .00137
0.000292 .00121
0.005731 .00101
0.000612 .00088
0.001777 .00153
0.000350 .00158
0.000022 .00185
0.000001 .00106
0.000556 .00143
0.006229 .00187
0.000149 .00172
0.000017 .00160
0.000126 .00176
0.006553 .00207
0.001751 .00067
0.000790 .00132
0.000090 .00180
0.005709 .00153
0.001980 .00091
0.000086 .00189
0.015302 .00081
0.013409 .00131
0.011094 .00144
0.000593 .00206
0.000544 .00189
0.001841 .00120
0.000391 .00160
0.000790 .00226
0.001183 .00056
0.000028 .00122
0.004949 .00094
0.000155 .00164
0.000004 .00224
0.002454 .00218
0.001719 .00267
0.001953 .00195
0.000053 .00302
0.000002 .00370
0.000000 .00351
0.000478 .00330
0.005408 .00247
0.002953 .00282
0.000335 .00209
0.003011 .00320
0.002814 .00282
0.001140 .00216
0.001051 .00257
0.000098 .00272
0.000001 .00230
0.003146 .00365
0.001637 .00206
0.000755 .00318
0.000019 .00353
0.000002 .00369
0.000000 .00414
0.000000 .00407
0.001049 .00439
0.003047 .00336
0.000012 .00371
0.003032 .00295
0.007256 .00334
0.000001 .00238
0.000000 .00391
0.000010 .00406
0.000000 .00287
0.000000 .00318
0.000000 .00394
0.000036 .00424
0.000004 .00340
0.000001 .00376
0.000000 .00230
0.000000 .00265
0.000008 .00345
0.000021 .00141
0.000015 .00352
0.000011 .00388
0.000018 .00398
0.000001 .00265
0.000024 .00231
0.000000 .00418
0.008113 .00392
0.009462 .00276
0.000613 .00167
0.000011 .00176
0.000000 .00374
0.000000 .00206
0.000000 .00324
0.000232 .00263
0.001227 .00356
0.000231 .00462
0.000593 .00463
0.000028 .00404
0.004466 .00411
0.000966 .00435
0.003326 .00285
0.008036 .00283
0.001026 .00423
0.000030 .00488
0.037008 .00399
0.000061 .00284
0.000000 .00429
0.000002 .00480
0.000000 .00434
0.000001 .00533
0.000000 .00510
0.000008 .00485
0.000000 .00446
0.000000 .00504
0.000000 .00423
0.000000 .00445
0.000000 .00443
0.000000 .00461
0.000000 .00418
0.000000 .00495
0.000037 .00458
0.000037 .00536
0.000000 .00516
0.000614 .00486
0.000007 .00251
0.000000 .00405
0.000111 .00438
0.000189 .00334
0.003556 .00470
0.000001 .00510
0.001570 .00527
0.000211 .00270
0.000222 .00473
0.000320 .00515
0.000818 .00471
0.001928 .00373
0.000007 .00391
0.000121 .00520
0.011684 .00451
0.000000 .00390
0.000000 .00447
0.000562 .00441
0.010918 .00481
0.008961 .00437
0.008125 .00210
0.003720 .00419
0.000769 .00501
0.012160 .00390
0.002002 .00511
0.000301 .00295
0.000002 .00380
0.000361 .00428
0.003690 .00312
0.000212 .00400
0.001274 .00479
0.002098 .00321
0.003058 .00433
0.009916 .00364
0.005300 .00274
0.000474 .00364
0.003306 .00279
0.003326 .00390
0.001989 .00384
0.001767 .00340
0.014366 .00372
0.000716 .00293
0.000947 .00213
0.007149 .00357
0.000695 .00239
0.002633 .00265
0.001998 .00336
0.001420 .00277
0.003917 .00163
0.000338 .00323
0.000011 .00322
0.000001 .00292
0.000050 .00307
0.000004 .00333
0.000206 .00252
0.005349 .00386
0.002399 .00197
0.000006 .00169
0.000315 .00162
0.005045 .00276
0.000003 .00185
0.001772 .00244
0.001558 .00295
0.014888 .00211
0.000568 .00302
0.001614 .00296
0.003457 .00287
0.006175 .00198
0.004807 .00230
0.000722 .00216
0.001242 .00202
0.012327 .00230
0.007761 .00261
0.006988 .00215
0.001123 .00227
0.000005 .00249
0.000042 .00208
0.000272 .00232
0.002682 .00252
0.001535 .00235
0.000061 .00244
0.000020 .00171
0.000192 .00221
0.000393 .00251
0.001639 .00193
0.000097 .00233
0.000301 .00143
0.001918 .00139
0.000011 .00031
0.000036 .00156
0.007392 .00196
0.006388 .00192
0.000770 .00201
0.000003 .00146
0.004197 .00169
0.012685 .00146
0.011526 .00224
0.000003 .00054
0.000017 .00077
0.000255 .00139
0.000017 .00122
0.000037 .00085
0.000742 .00124
0.000678 .00100
0.000612 .00053
0.000049 .00192
0.000024 .00211
0.000008 .00139
0.000978 .00118
0.000009 .00162
0.000854 .00186
0.000122 .00184
0.000511 .00115
0.001900 .00107
0.009452 .00124
0.000124 .00086
0.000949 .00095
0.004255 .00168
0.001336 .00113
0.000004 .00058
0.001032 .00055
0.002272 .00080
0.005599 .00098
0.008303 .00156
0.005713 .00102
0.003224 .00048
0.004647 .00092
0.003171 .00129
0.002844 .00090
0.000869 .00057
0.000005 .00009
0.000016 .00038
0.000063 .00044
0.001788 .00136
0.011506 .00153
0.001616 .00155
0.001199 .00068
0.000259 .00063
0.002787 .00072
0.001304 .00106
0.000310 .00086
0.004368 .00094
0.013532 .00097
0.013870 .00077
0.006757 .00135
0.000607 .00039
0.007469 .00009
0.000074 .00076
0.000585 .00025
0.007412 .00007
0.006177 .00013
0.006737 .00112
0.001802 .00148
0.000021 .00088
0.000053 .00047
0.000012 0
0.000001 .00089
0.000000 .00157
0.000003 .00126
0.010038 .00118
0.002440 .00073
0.001963 .00011
0.005385 .00075
0.001666 .00015
0.002795 .00039
0.002414 .00022
0.002751 .00022
0.000004 .00021
0.000461 0
0.000278 .00006
0.000000 0
0.000198 0
0.005814 0
0.001358 .00057
0.000091 .00037
0.000827 .00020
0.000014 .00110
0.000035 .00089
0.000001 0
0.000042 .00010
0.000123 .00037
0.001431 .00024
0.000263 .00050
0.000004 .00175
0.000075 .00136
0.000000 .00042
0.001611 .00032
0.001835 .00076
0.000410 .00106
0.000553 .00071
0.003366 .00090
0.000254 .00089
0.000000 .00141
0.000028 .00072
0.000040 .00046
0.000157 .00026
0.005019 .00049
0.000951 .00064
0.000520 .00030
0.001586 .00009
0.001268 .00060
0.003728 .00085
0.000045 .00147
0.001913 .00120
0.001710 .00049
0.000021 .00039
0.000075 .00009
0.001304 .00091
0.000011 .00099
0.009256 .00067
0.000010 .00111
0.005877 .00050
0.001829 .00054
0.007028 .00067
0.006239 .00102
0.000614 .00137
0.000040 .00073
0.000522 .00086
0.000694 .00069
0.000073 .00077
0.000000 .00053
0.000566 .00098
0.000092 .00129
0.003594 .00107
0.002941 .00121
0.005169 .00100
0.001913 .00113
0.000005 .00096
0.000001 .00109
0.000520 .00125
0.000014 .00073
0.000009 .00108
0.000013 .00132
0.000028 .00127
0.000005 .00040
0.001971 .00103
0.003260 .00132
0.017131 .00139
0.000621 .00135
0.011325 .00131
0.009293 .00096
0.002895 .00103
0.009530 .00134
0.001719 .00179
0.006959 .00115
0.013606 .00196
0.015521 .00154
0.011958 .00240
0.002201 .00211
0.009745 .00205
0.011362 .00126
0.000210 .00166
0.000447 .00189
0.000656 .00119
0.001114 .00160
0.000556 .00195
0.003735 .00160
0.000042 .00207
0.000837 .00190
0.000019 .00199
0.000003 .00143
0.000000 .00140
0.000000 .00209
0.000001 .00225
0.000011 .00190
0.000059 .00204
0.003922 .00211
0.007096 .00147
0.014519 .00176
0.001928 .00219
0.000054 .00196
0.001904 .00124
0.000333 .00212
0.000001 .00170
0.000014 .00221
0.000021 .00235
0.000000 .00255
0.000002 .00252
0.000037 .00250
0.000000 .00232
0.000018 .00210
0.000118 .00170
0.000009 .00227
0.000000 .00253
0.000000 .00270
0.000000 .00365
0.000000 .00388
0.000000 .00325
0.000000 .00250
0.000055 .00231
0.007676 .00135
0.001384 .00263
0.008512 .00258
0.000011 .00259
0.000012 .00291
0.000708 .00321
0.000220 .00324
0.000314 .00214
0.000400 .00316
0.000015 .00290
0.000387 .00311
0.000269 .00204
0.002714 .00300
0.007865 .00139
0.000053 .00221
0.009606 .00353
0.000013 .00342
0.000000 .00376
0.000036 .00424
0.000000 .00459
0.000000 .00426
0.000048 .00355
0.003225 .00343
0.001058 .00357
0.000035 .00390
0.001253 .00346
0.000411 .00323
0.000001 .00404
0.000000 .00460
0.000000 .00351
0.006862 .00330
0.001194 .00348
0.007697 .00319
0.000111 .00321
0.005956 .00276
0.009342 .00282
0.005672 .00315
0.002701 .00340
0.000858 .00330
0.003354 .00435
0.017600 .00325
0.001239 .00384
0.000000 .00470
0.004545 .00349
0.005054 .00227
0.001083 .00452
0.000989 .00368
0.000025 .00284
0.010436 .00111
0.001966 .00059
0.000352 .00215
0.000025 .00357
0.002482 .00434
0.000964 .00351
0.000018 .00416
0.004442 .00277
0.000828 .00440
0.000030 .00459
0.000000 .00429
0.008571 .00311
0.009883 .00250
0.000014 .00078
0.000000 .00294
0.000000 .00478
0.000000 .00410
0.006273 .00480
0.001504 .00481
0.000005 .00235
0.000000 .00332
0.000000 .00465
0.000333 .00387
0.000527 .00431
0.000008 .00391
0.000001 .00308
0.003501 .00418
0.012197 .00055
0.012494 .00390
0.002004 .00321
0.002286 .00323
0.000338 .00234
0.000014 .00280
0.000000 .00476
0.001167 .00430
0.005039 .00415
0.000348 .00442
0.010700 .00241
0.000361 .00356
0.009678 .00457
0.000001 .00474
0.007164 .00480
0.000000 .00475
0.001533 .00488
0.006726 .00505
0.014392 .00294
0.000996 .00300
0.000151 .00209
0.001786 .00284
0.000574 .00330
0.000005 .00239
0.000016 .00355
0.006374 .00387
0.004488 .00352
0.003115 .00408
0.007001 .00296
0.011364 .00448
0.011109 .00395
0.009602 .00172
0.009204 .00183
0.027035 .00090
0.002205 .00263
0.001501 .00398
0.002689 .00137
0.003207 .00302
0.005129 .00116
0.002004 .00390
0.003310 .00364
0.000568 .00350
0.000776 .00303
0.006465 .00346
0.001597 .00158
0.000000 .00381
0.000000 .00367
0.000001 .00416
0.000000 .00394
0.001265 .00354
0.000051 .00200
0.004516 .00305
0.005262 .00255
0.000790 .00281
0.000958 .00284
0.004930 .00159
0.010463 .00206
0.003973 .00261
0.001763 .00275
0.000362 .00277
0.000003 .00233
0.012061 .00274
0.004329 .00127
0.007621 .00232
0.000278 .00268
0.003223 .00080
0.000008 .00250
0.001977 .00235
0.000018 .00117
0.000000 .00213
0.000000 .00229
0.000000 .00188
0.000006 .00227
0.000003 .00203
0.000309 .00182
0.009005 .00202
0.004836 .00225
0.012092 .00096
0.002786 .00092
0.006169 .00198
0.013789 .00109
0.001004 .00196
0.000575 .00051
0.003689 .00161
0.000135 .00134
0.000005 .00183
0.013346 .00148
0.001726 .00048
0.025699 .00088
0.004682 .00073
0.000848 .00086
0.004274 .00175
0.004741 .00157
0.009585 .00151
0.001498 .00185
0.000209 .00151
0.007694 .00004
0.000073 .00096
0.000166 .00073
0.000222 .00048
0.001519 .00106
0.026790 .00048
0.002243 .00090
0.000003 .00109
0.000000 .00046
0.000019 .00121
0.001205 .00091
0.000592 .00033
0.000242 .00091
0.000538 .00077
0.000006 .00154
0.000967 .00107
0.000651 .00105
0.000099 .00112
0.005861 .00134
0.008174 .00047
0.006279 .00081
0.004342 .00059
0.020854 .00058
0.000133 .00069
0.001987 .00097
0.003681 .00117
0.000198 .00109
0.000544 .00105
0.005514 .00129
0.010440 .00121
0.001184 .00100
0.001090 .00037
0.000747 .00127
0.002234 .00139
0.001228 .00055
0.000013 .00055
0.000063 .00082
0.000324 .00032
0.000001 .00096
0.000103 .00140
0.001333 .00081
0.005405 .00051
0.000188 .00029
0.001927 .00032
0.005590 .00009
0.010006 0
0.000057 .00095
0.000002 .00098
0.000096 0
0.001155 .00032
0.005470 .00086
0.000291 .00047
0.000753 .00067
0.013644 .00120
0.002159 .00078
0.025803 .00070
0.009598 .00129
0.003054 .00131
0.020089 .00093
0.003878 .00102
0.003300 .00038
0.007648 .00061
0.003102 .00106
0.004119 .00044
0.000250 .00080
0.000111 .00022
0.003934 .00051
0.007404 .00042
0.000877 .00031
0.000404 .00040
0.001604 0
0.003467 .00060
0.000735 .00023
0.000009 0
0.001236 .00039
0.002515 .00042
0.000012 .00034
0.000003 .00067
0.000649 .00051
0.000509 0
