# From nrfa_download_flow.R for 21018 ideal start_date=2010-01-01 end_date=2020-12-31
# Q [m^3/d]
5.137
5.106
4.606
4.677
4.769
5.051
8.814
13.53
5.861
4.511
4.517
4.689
4.809
4.759
11.6
92.8
52.78
80.97
33.61
21.8
17.02
33.72
20.39
18.19
15.08
12.87
23.14
17.65
15.63
11.2
9.419
8.523
10.58
7.931
8.38
10.75
12.27
11.29
10.98
9.483
8.269
7.334
7.324
7.21
6.702
7.181
7.295
6.438
5.86
5.429
5.01
4.768
4.453
4.225
4.602
6.543
23.32
16.02
13.03
10.61
8.975
8.06
7.326
8.904
11.33
10.47
8.971
8.163
7.541
7.097
7.837
7.775
8.346
9.08
8.082
7.471
11.3
12.29
9.309
7.677
23.97
14.23
14.86
18.59
78.34
32.19
21.46
30.24
72.41
45.74
33.98
36.67
50.54
36.31
96.75
93.88
51.6
27.59
20.06
15.51
12.61
10.63
9.193
8.074
7.219
6.526
5.919
5.603
5.32
4.915
4.532
4.285
4.075
3.855
3.785
3.783
3.546
3.451
3.385
3.28
3.724
3.312
3.026
2.853
2.814
2.983
2.833
2.647
2.571
2.512
2.423
2.417
2.42
3.796
3.391
2.855
2.694
2.554
2.433
2.348
2.23
2.1
2.004
2.095
2.387
2.652
3.288
2.325
2.278
2.244
2.163
2.171
2.156
2.011
1.928
1.903
1.847
2.006
3.195
3.139
2.67
2.406
2.178
2.183
2.169
2.042
2.284
3.298
2.013
1.796
1.674
1.526
1.556
1.894
2.758
1.67
1.549
1.455
1.508
1.592
1.537
1.702
5.962
2.98
8.115
5.585
3.604
9.405
4.419
3.594
13.97
17.4
7.705
5.38
25.34
22.46
33.05
14.25
14.86
24.13
20.9
24.17
14.27
10.51
8.406
7.182
6.112
5.417
4.879
4.345
3.979
3.833
3.913
3.7
3.414
3.164
2.886
2.778
3.017
2.748
2.691
3.858
4.168
3.755
3.581
3.188
2.9
2.771
3.159
3.004
3.1
20.04
9.597
5.878
5.39
5.923
5.173
4.298
3.807
3.435
3.228
3.037
3.024
3.164
3.683
2.737
2.525
2.338
2.347
5.118
4.77
5.6
4.637
6.774
4.694
10.47
15.58
12.26
8.412
6.323
5.304
5.618
7.655
5.931
7.87
29.29
13.35
9.073
7.337
6.531
6.291
30.88
16.3
31.83
20.25
17.58
14.09
16.14
24.39
15.31
12.02
10.13
8.713
7.634
6.499
5.748
5.409
5.079
4.776
4.503
4.34
4.224
4.043
4.485
5.854
12.96
7.896
6.478
13.56
15.41
13.17
24.06
15.62
11.8
12.69
34.71
28.22
35.06
25.35
19.73
16.6
44.69
50.33
24.7
70.74
72.93
37.16
35.57
24.69
22.03
23.29
20.83
18.57
15.67
14.66
16.71
14.18
12.04
10.32
9.115
8.204
7.751
7.538
6.995
6.338
6.078
6.134
6.001
5.548
5.492
8.631
13.7
7.388
48.7
25.93
15.66
12.08
10.29
9.301
9.296
7.022
6.49
5.998
7.593
8.95
7.215
6.126
9.605
5.613
4.465
4.621
6.549
17.38
22.86
21.99
17.53
12.47
10.23
24.08
26.1
15.31
11.36
10.27
8.801
28.2
29.84
31.92
74.6
57.27
164.4
144
43.07
24.7
18.39
14.32
11.91
10.71
9.71
8.87
8.31
7.62
7.294
6.688
6.178
6.086
5.838
7.877
24.25
60.09
136.2
85.32
56.13
128.6
50.06
56.43
45.53
31.52
39.74
39.4
33.13
30.46
38.4
25.76
25.24
21.24
19.27
16.62
15.02
23.25
17.1
17.01
14.48
12.28
10.76
9.788
9.039
8.405
7.987
7.59
7.106
6.696
6.784
9.383
18.36
15.01
28.97
38.2
21.89
40.82
26.04
19.25
15.2
12.76
11.56
10.3
9.15
8.412
7.783
7.332
6.891
6.509
6.144
5.88
6.918
16.07
11.51
23.61
12.65
15.74
45.18
53.44
22.53
15.44
12.35
10.42
9.282
8.149
7.544
7.328
6.828
6.341
5.81
5.533
5.307
5.016
4.722
4.601
4.862
4.82
4.35
4.123
3.909
3.718
3.575
3.403
3.224
3.107
3.315
3.477
3.379
4.984
16.86
21.01
12.57
18.31
16.95
13.41
10.96
9.474
8.188
8.082
8.174
8.276
7.236
6.74
15.46
29.66
71.12
32.38
18.28
14.68
11.79
10.93
9.755
8.454
7.362
6.687
6.104
5.841
5.64
5.391
5.428
5.342
5.596
5.952
5.738
7.716
6.87
9.224
6.612
5.718
5.357
5.408
8.423
11.63
8.614
10.77
12.08
15.47
9.938
8.72
9.527
8.311
7.078
6.38
6.15
5.686
5.303
4.876
4.771
4.806
6.862
8.573
7.288
8.18
6.292
5.929
5.224
4.618
4.162
4.035
59.3
63.22
19.68
23.92
38.62
19.74
15.5
11.9
9.538
8.062
6.935
6.162
6.18
5.976
5.3
4.947
5.561
24.5
11.86
12.59
9.861
15.58
25.81
17.22
12.01
32.61
64.08
41.43
41.7
26.22
18.03
24.03
17
17.84
17.03
14.49
12.99
10.42
8.984
8.433
8.398
8.443
10.35
8.688
8.684
7.207
6.629
6.144
6.583
11.58
10.09
7.774
35.17
22.4
17.66
15.72
34.44
39.42
80.94
37.31
23.31
16.26
19.57
28.89
21.03
18.96
19.59
25.88
19.03
14.82
18.66
15.91
16.84
12.35
10.65
9.416
8.55
8.336
40.37
19.45
14.39
22.13
49.78
25.95
20.95
23.48
21.39
16.09
25.45
18.03
15.64
14.98
13.97
75.06
78.07
33.47
21.99
29.67
26.35
24.2
18.1
18.59
17.37
20.87
15.43
25.54
21.08
31.47
26.05
18.25
19.38
16.52
14.07
11.99
10.71
10.11
9.507
10.25
11.76
20.73
13.55
11.64
10.31
9.383
12.15
38.52
20.13
15.08
13.64
13.32
13.66
32.79
42.04
54.26
75.66
46.5
168.3
127.2
132.3
51.46
44.64
33.87
24.05
21.75
34.58
149.9
55.96
34.08
43
35.51
43.92
31.64
22.02
18.45
15.32
13.18
23.9
22.68
33.17
29.81
34.86
28.27
32.16
27.23
28.69
55.57
49.78
43.65
51.5
39.37
27.68
68.31
74.31
63.83
33.89
25.48
19.19
16.6
13.89
12.35
11.91
10.19
9.133
7.924
6.953
8.044
11.58
12.37
16.94
20.35
18.23
12.81
13.46
25.38
26.61
18.18
13.99
11.73
10.25
9.165
8.232
7.208
7.252
7.154
7.291
7.325
6.401
6.09
7.215
7.18
6.843
7.057
7.152
7.17
6.792
6.337
6.612
14.21
8.858
11.19
16.5
38.8
20.96
15.09
11.98
11.16
12.15
10.79
9.098
7.953
8.166
8.789
13.4
10.08
8.992
21.42
13.48
11.51
9.928
8.648
7.775
7.12
6.638
6.242
7.633
8.761
6.611
5.945
5.767
5.354
5.123
4.929
4.704
4.462
4.223
4.018
3.967
3.87
3.868
3.845
3.712
3.596
5.102
5.29
5.027
4.994
5.375
4.702
5.178
14.77
13.89
16.52
9.661
7.5
6.415
5.911
15.84
12.02
11.04
9.528
10.45
9.401
8.046
7.82
8.441
14.75
11.33
8.869
8.046
7.916
7.097
6.624
6.37
6.005
5.572
5.215
5.214
7.833
6.877
56.51
38.1
21.99
21.71
21.85
15.44
12.23
11.3
14.52
12.82
9.973
8.316
7.226
6.518
5.987
5.603
5.198
4.841
4.652
4.606
4.75
5.738
5.219
4.611
4.289
4.118
4.289
9.936
9.409
32.95
26.54
21.98
16.4
12.34
10.07
8.722
18.45
86.43
44.98
24.6
17.29
13.29
23.34
57.84
51.79
33.6
20.08
16.5
14.16
15.19
39
25.9
18.59
19.5
18.61
19.87
26.79
41.63
65.44
32.09
35.82
59.79
85.98
47.9
29.44
22.28
17.24
13.55
12.46
21.25
17.34
13.46
10.99
9.748
41.08
32.47
22.47
15.66
12.48
11.35
10.72
8.914
7.984
27.65
23.87
14.4
11.32
15.39
18.8
14.16
10.63
8.839
7.518
6.724
6.234
6.002
5.697
7.775
8.457
31.23
31.82
16.75
13.41
11.42
10.45
9.065
8.34
7.868
7.277
27.56
22.15
60.94
35.59
20.34
15.48
13.56
10.6
9.524
8.023
7.285
7.35
6.735
6.74
30.58
19.73
14.66
11.47
11.68
9.073
8.069
9.452
9.405
7.474
36.7
27.05
14.77
11.49
32.24
50.94
37.94
24.31
18.63
14.94
35.12
22.14
33.1
31.26
20.17
18.44
13.55
11.07
9.654
8.58
7.756
46.84
68.68
28.65
20.27
15.98
29.6
99.37
51.94
35.18
27.54
20.01
16.23
14.21
12.77
11.22
10.25
9.404
10.84
10.45
9.229
39.5
24.62
20.18
18.83
15.22
12.4
11.94
11.97
14.35
20
14.82
11.84
11.39
39.14
47.03
28.18
20.77
15.87
13.29
68.67
57.04
31.65
107.3
51.5
31.22
43.38
50.8
29.24
20.85
16.4
13.72
12.37
10.66
11.3
11.47
9.952
18.6
18.29
20.59
26.39
15.36
12.03
10.78
9.609
30.83
30.02
20.86
18.47
14.6
14
123.9
79.27
84.34
93.7
62.73
39.48
34.66
34.55
64.56
64.78
50.05
111.7
43.9
34.35
25.14
18.6
15.47
14.12
16.7
19
14.19
11.99
10.83
9.85
9.206
9.247
8.825
8.092
7.757
7.414
7.139
6.838
7.06
6.995
6.677
6.6
6.871
31.66
92.13
79.21
82.31
50.55
70.96
37.7
24.1
20.12
23.85
23.95
21.92
15.75
13.55
13.94
14.74
13.13
10.59
15.01
38.27
29.57
22.65
19.99
14.51
11.77
10.39
9.196
8.366
7.802
7.348
6.909
6.564
6.203
5.943
5.914
5.707
5.544
5.442
5.24
5.061
5.28
6.088
6.841
5.985
5.318
5.341
5.357
5.167
9.079
11.07
14.49
20.65
13.69
12.18
10.94
9.654
8.716
8.105
7.506
7.136
6.931
6.903
7.111
7.246
6.775
6.728
6.913
7.936
8.482
8.379
8.917
9.156
8.439
7.346
7.324
7.701
8.079
15.21
163.1
47
42.11
115.5
101
32.37
20.69
18.58
16.49
12.27
13.39
11.42
9.884
9.187
8.409
7.771
6.75
6.291
5.833
9.953
12.68
8.804
7.685
6.675
6.635
7.727
10.4
10.63
9.494
11.77
11.72
10.1
8.294
7.216
28.16
18.49
19.35
13.43
9.9
8.374
7.65
6.612
5.955
15.24
17.19
10.29
8.183
6.907
5.977
5.306
4.872
4.659
4.406
4.177
4.035
3.877
3.641
3.545
3.507
3.956
3.779
3.529
4.921
5.563
4.126
3.861
3.568
3.381
3.796
5.703
7.628
5.369
4.439
3.911
3.743
3.762
3.54
3.336
3.99
3.951
5.107
6.653
5.564
4.277
3.69
3.322
3.111
3.038
2.944
2.845
2.652
2.494
2.412
2.363
2.287
2.193
2.222
2.385
2.262
2.177
2.763
5.897
6.286
4.309
3.367
13.03
11.05
8.409
5.85
15.88
11.13
7.645
7.286
7.58
6.308
5.056
4.432
4.018
3.722
3.545
3.501
3.383
3.217
4.023
6.968
10.05
9.76
6.032
4.778
5.535
5.64
4.539
4.129
3.904
3.606
3.359
3.733
3.874
2.994
2.933
2.735
2.655
2.658
3.461
3.464
5.587
16.36
7.775
5.496
4.594
4.234
4.4
4.412
4.804
16.05
16.08
9.155
7.09
8.606
8.478
6.484
5.778
5.065
4.644
4.599
4.466
4.395
4.209
3.896
3.664
3.481
3.449
5.611
14.16
8.409
6.764
6.563
10.22
6.966
5.778
5.066
4.699
4.481
4.23
3.986
7.205
12.33
9.377
35.72
31.85
51.93
84.53
46.65
25.94
44.03
33.49
53.65
31.68
21.72
24.15
25.08
19.58
38.72
36.18
21.6
17.16
20.08
14.98
12.25
11.06
9.777
10.87
10.01
8.866
9.53
8.145
7.376
6.93
8.186
6.975
15.32
10.33
8.228
7.361
6.818
6.291
6.044
5.738
5.421
5.701
5.278
4.946
4.773
4.639
4.86
26.26
12.84
10.67
28.53
23.11
14.56
11.9
14.63
47.62
70.94
66.19
59.79
28.44
52.27
39.87
68.86
98.64
63.12
136.3
105.1
46.07
35.68
130.2
58.56
46.47
212
67.23
84.37
61.38
88.42
49.65
55.25
100.2
78.05
50.97
33.53
26.92
22.37
18.6
18.86
20.35
60.33
45.69
29.89
28.96
32.5
24.31
21.95
26.59
25.06
22.8
41
49.1
49.25
51.21
43.67
30.76
28.64
82.21
78.55
44.96
34.92
53.79
42.14
30.23
66.81
57.65
33
25.47
38.38
40.52
46.7
75.09
41.77
35.54
54.27
41.28
72.07
42.51
42.07
172.6
123.2
72.93
53.8
60.48
38.69
29.75
43.51
37.98
26.11
20.98
34.91
71.9
31.88
24.4
22.04
16.91
14.21
12.41
11.31
10.53
9.948
9.109
10.42
9.941
36.61
32.88
32.94
22.77
16.73
13.94
12.11
11.16
10.96
12
10.04
9.263
17.6
13.15
14.49
18.26
17.99
50.28
35.18
24.3
21.66
16.87
13.81
12.12
11.06
9.92
8.718
8.037
7.714
7.167
6.609
6.22
5.885
5.944
5.927
5.75
7.396
11.24
8.034
8.584
7.277
9.467
12.92
9.831
8.156
7.584
7.132
9.416
12.6
14.03
11.21
13.68
13.71
20.09
15.57
11.29
9.428
8.207
7.364
6.721
6.239
6.052
6.486
5.836
5.554
5.507
8.565
7.117
6.194
6.947
8.724
6.69
5.796
5.367
5.511
5.339
11.96
15.09
9.659
18.33
15.43
12.77
10.76
8.9
7.834
7.095
7.177
8.043
6.632
5.949
5.494
5.032
4.824
4.565
4.359
4.257
4.223
4.099
3.965
3.977
3.947
3.765
3.744
3.63
3.616
3.633
4.358
6.129
4.685
4.91
5.132
4.458
3.876
3.549
3.446
3.571
3.609
4.39
6.28
9.129
5.132
5.807
7.377
5.074
4.318
3.932
3.744
3.558
3.385
3.35
3.295
3.27
3.377
4.225
4.229
6.984
8.769
6.469
5.023
10.4
8.581
11.1
9.307
8.557
11.73
16.04
15.2
19.23
17.43
11.79
10.62
8.729
7.459
6.643
6.73
6.806
6.145
5.606
5.072
4.667
4.425
5.599
22.58
14.44
9.243
9.218
9.063
8.873
9.46
9.983
10.27
10.24
10.12
9.959
9.838
9.714
9.505
9.359
9.364
9.503
9.322
9.17
9.096
9.056
9.003
8.912
8.697
8.359
8.122
7.955
7.806
7.722
7.655
7.66
7.605
6.669
6.476
34.6
71.95
24.86
49.1
25.4
17.06
23.01
19.19
15
11.98
10.13
8.695
7.621
8.268
9.551
87.43
79.27
39.99
41.51
22.68
18.78
16.16
13.7
16.02
32.29
102.8
41.27
26.48
21.88
36.27
41.6
42.81
35.03
27.2
27.2
43.44
28.55
26.08
19.56
18.82
29.42
27.67
56.62
35.43
25.02
30.3
22.32
19.11
16.17
13.97
22.69
16.65
13.54
11.76
10.82
10.84
10.11
9.383
8.784
8.15
7.865
7.313
6.94
6.679
7.363
23.53
19.74
92.1
61.92
37.72
27.13
21.92
66.83
35.29
27.58
41.26
36.64
34.6
26.15
43.5
84.65
49.08
35.28
26.78
20.79
16.86
13.7
11.67
10.71
10.63
68.89
54.31
31.59
21.58
19.66
35.98
70.14
60.86
71.54
83.56
70.23
100.5
40.76
54.05
79.92
42.94
27.56
20.35
15.92
12.62
10.68
9.299
22.77
19.72
22.77
23.53
16.35
32.11
18.97
14.41
12.01
9.829
8.523
7.386
6.7
6.371
6.191
5.769
6.243
8.176
7.228
6.45
6.024
5.948
6.581
5.979
12.02
7.982
8.305
21.31
12.02
9.133
13.1
20.48
18.75
17.09
55.02
24.5
47.37
47.39
25.53
18
16.01
16.05
14.95
33.15
35.44
28.61
21.71
28.44
66.29
50.79
27.07
19.15
15.12
12.77
10.8
9.51
8.501
7.517
6.788
6.223
5.721
5.405
6.334
5.759
17.71
17.27
24.59
26.65
16.95
12.98
14.2
11.6
9.418
7.984
7.022
6.502
5.912
5.411
5.726
11.2
8.367
6.8
7.101
6.092
5.342
4.814
4.432
4.131
3.8
3.694
3.529
3.445
4.658
3.756
3.449
4.217
10.12
8.361
5.672
4.916
39.14
22.94
35.37
59.11
28.32
20.48
21.09
25.25
35.14
20.89
15.08
12.04
10.88
9.604
8.279
11.51
9.806
8.018
7.433
6.784
5.822
5.171
5.241
5.261
4.843
5.786
4.669
4.168
7.194
27.35
21.06
11.22
8.351
6.552
9.384
9.149
7.192
6.18
5.489
4.949
4.319
4.124
4.09
3.843
3.636
3.435
3.184
3.096
2.984
3.277
3.315
2.974
2.791
3.1
2.952
3.033
4.832
4.277
3.082
2.791
3.027
2.496
9.572
6.178
6.578
22.46
12.39
8.429
5.591
4.544
7.152
6.469
6.407
4.691
3.996
10.96
9.589
22.04
11.12
12.58
11.03
8.081
7.118
7.522
9.853
19.34
26.77
20.67
15.58
12.28
13.16
10.66
9.634
15
11.23
19.1
10.32
7.769
6.98
7.416
6.181
4.707
4.292
6.323
5.833
4.475
4.011
3.821
3.709
4.733
11.14
18.9
22.19
14.15
10.51
9.944
10.26
9.096
9.867
7.746
6.493
5.803
7.425
7.103
5.595
4.686
4.097
3.646
3.415
3.298
3.123
2.989
5.242
5.026
5.058
6.162
4.578
4.044
4.366
3.78
3.558
6.107
5.326
4.213
4.144
3.948
3.658
3.409
3.192
3.036
2.897
2.793
2.696
2.612
2.563
3.592
8.355
6.186
4.648
4.036
3.72
3.487
3.343
3.374
3.229
3.077
2.987
2.91
2.824
2.742
2.73
3.052
3.233
2.949
16.78
8.997
6.47
5.401
19.05
24.13
15.05
16.51
12.57
10.29
8.277
10.53
10.37
15.71
32.47
64.44
87.59
74.33
54.11
44.55
48.63
64.87
114.2
74.62
48.8
62.84
43.15
31.07
22.65
18.38
16.25
17.62
14.63
11.82
23.47
45.33
77.77
42.38
47.08
46.96
75.07
105.4
296.4
131.9
75.99
64.58
102.9
70.64
42.93
35.44
26.84
23.97
21.14
20.64
37.14
35.49
75.72
90.41
59.39
94.65
44.09
76.78
47.73
135.2
75.43
49.62
44
228.4
102.9
63.82
54.56
67.01
69.69
110.9
81.01
86.94
50.6
52.96
88.49
60.1
48.1
35.33
26.54
20.59
16.62
14.45
12.98
12.49
11.49
11.51
80.36
47.55
42.49
39.19
171.7
133.9
71.72
85.42
49.47
44.85
78.1
43.99
27.88
22.81
33.57
42.01
51.11
52.59
42.12
27.52
18.68
14.61
12.85
10.92
8.44
24.74
70.91
30.34
28.36
31.86
25.32
17.96
13.32
10.08
8.451
7.534
6.512
5.798
5.549
30.27
15.74
10.63
14.23
13.85
9.643
8.129
8.06
13.72
9.575
7.904
7.608
6.787
5.942
5.301
4.988
4.648
4.239
3.913
3.623
3.381
3.148
2.98
3.117
3.099
36.87
39.03
27.92
17.44
15.97
13.7
22.85
27.57
18.95
21.76
23.12
18.65
14.98
11.9
13.81
13.78
10.23
16.15
17.04
13.04
11.14
9.706
8.23
7.207
6.17
5.451
4.911
4.442
4.091
3.927
3.755
3.677
3.563
3.596
6.495
6.062
8.285
14.85
11.2
7.126
5.512
4.971
4.606
4.254
3.797
3.484
3.15
2.854
2.651
2.486
2.292
2.153
2.052
3.052
4.214
5.536
10.57
5.835
4.171
3.411
2.92
2.963
2.847
2.537
2.208
1.978
1.784
1.59
1.459
1.328
1.24
1.155
2.675
2.33
1.885
1.345
1.2
1.229
1.675
1.8
1.639
1.31
1.158
1.133
1.042
1.033
3.364
1.936
1.316
1.055
1.073
2.308
1.849
1.523
1.252
3.163
4.036
8.496
9.924
6.085
9.653
12.25
6.657
7.245
15.74
13.38
17.27
13.09
8.407
6.374
5.296
4.814
6.137
4.315
3.791
3.465
22.93
10.1
6.832
5.778
5.66
7.026
6.135
12.25
7.094
8.001
5.218
4.084
3.444
3.052
10.87
13.59
6.762
4.981
4.944
7.962
4.637
4.989
14.55
11.47
11.25
7.211
5.618
4.532
3.754
3.234
3.631
22.58
13.72
8.398
6.83
5.618
4.587
4.021
3.43
3.272
2.835
2.42
2.318
2.151
2.355
2.612
3.247
2.474
2.294
2.716
13.17
70.28
41.06
16.9
14.53
17.2
10.93
8.842
7.877
6.333
5.512
4.883
4.296
4.509
13.67
8.105
6.6
10.22
8.025
10.26
12.8
19.77
14.19
10.13
8.107
7.028
6.253
5.654
5.166
4.828
4.555
4.305
4.126
4.178
4.165
4.415
4.854
6.457
6.673
17.48
23.71
11.99
8.995
7.713
7.014
6.825
6.344
5.796
5.398
5.134
4.922
4.617
4.458
4.331
4.668
4.22
4.03
3.939
3.797
4.868
4.704
4.206
4.961
8.778
8.376
21.65
12.03
13.02
11.55
18.99
25
14.38
10.72
9.074
14.27
35.28
17.47
12.07
9.651
8.787
9.55
8.426
7.459
7.098
6.853
6.137
5.718
5.323
4.895
5.029
8.952
8.337
8.317
7.336
6.129
5.588
5.676
6.774
6.022
6.458
6.739
5.973
5.487
6.596
15.76
10.9
83.1
64.69
52.92
37.27
23.5
15.74
12.48
10.34
10.08
10.76
8.978
8.248
7.418
6.656
6.508
6.281
5.938
13.6
14.34
10.55
9.098
7.963
7.908
42.93
24.92
15.23
11.58
9.646
8.526
7.675
7.191
6.652
6.386
8.089
6.465
5.58
6.252
6.552
6.178
17.06
14.03
11.09
21.07
33.96
18.98
13.81
22.64
15.65
11.92
9.902
13.26
11.9
11.89
11.04
10.19
12.62
9.785
13.44
11.93
9.853
10.78
15.79
40.09
27.14
83.49
83.47
45.91
29.49
22.71
18.89
22.4
38.11
30.71
20.71
15.7
17.49
16.45
12.44
11.2
11.1
9.387
8.551
7.606
7.971
22.6
24.26
56.42
32.47
18.65
40.02
49.73
27.04
17.82
13.7
11.12
9.577
15.39
40.66
56.26
33.4
19.87
14.18
13.4
10.09
8.822
7.985
7.266
6.673
6.083
5.75
5.452
5.092
4.875
4.696
5.223
5.252
4.606
4.281
4.06
3.854
3.683
3.497
3.412
3.367
3.287
3.137
3.071
3.052
2.951
2.775
2.694
2.577
2.432
2.355
2.288
2.255
2.205
2.136
2.087
2.02
2.024
2.188
2.421
3.215
14.5
6.705
4.578
3.742
4.156
5.941
4.823
4.697
3.89
3.373
2.975
4.985
5.93
3.92
3.542
3.209
2.808
3.152
2.87
2.553
7.37
28.51
19.85
32.39
22.6
20.08
21.39
18.37
10.88
8.501
9.161
10.39
7.655
6.236
5.313
4.669
4.351
4.052
4.074
3.878
3.33
3.127
12.21
8.672
15.97
12.71
8.438
6.753
5.862
24.71
16.97
10.97
9.51
7.964
6.649
6.636
6.499
5.294
4.727
4.674
4.906
6.09
4.372
3.732
3.538
3.798
3.589
5.092
6.123
5.033
4.104
16.2
13.37
12.03
9.171
9.509
9.77
8.456
8.768
17.2
9.983
7.685
11.06
20.65
10.93
8.123
6.819
6.292
6.281
5.462
14.61
29.61
21.92
30.26
32.32
17.32
11.78
9.157
8.087
17.16
10.16
9.503
10.14
7.917
7.322
7.724
6.333
5.58
5.051
4.608
4.334
5.081
7.682
6.453
10.1
14.04
10.05
11.59
12.26
8.763
13.31
10.06
7.653
6.648
6.123
5.687
5.129
7.073
25.71
11.27
9.762
11.93
33.56
15.59
13.8
21.31
13.64
13.26
18.87
22.46
14.18
20.97
27.23
15.22
12.95
10.4
8.99
8.516
42.95
25.03
54.41
26.7
18.7
34.06
40.65
32.19
27.61
28.67
24.54
23.14
17.57
15.99
14.05
10.99
9.314
8.577
7.794
7.121
6.933
8.234
8.31
6.893
6.435
6.092
6.589
26.16
11.81
11.87
9.304
7.954
6.989
6.346
6.73
6.137
6.894
6.681
7.418
6.381
17.07
21.09
63.46
43
23.18
16.28
14.14
20.65
13.67
10.45
8.813
7.833
7.471
6.916
6.327
5.948
11.76
30.35
12.18
8.964
7.081
6.454
6.611
11.5
9.567
8.489
7.141
18.81
12.97
12.71
12.97
9.714
8.272
7.819
17.28
61.42
32.95
19.05
13.57
11.21
16.72
33.22
18.92
30.99
56.09
44.74
29.58
21.29
15.17
11.68
10.74
9.79
8.884
8.163
7.416
16.13
31.27
16.68
13.3
11.53
10.39
9.273
9.444
46.64
176.6
160
58.97
36.08
36.93
38.52
39.06
24.32
30.42
19.68
15.98
14.84
13.3
11.57
10.37
9.151
13.55
12.68
22.2
21.44
14.38
14.41
17.31
22.25
19.51
31.85
25.28
38.41
23.11
16.48
13.26
11.07
9.489
8.342
7.501
6.936
6.249
6.091
6.142
6.143
6.013
8.708
19.9
25.85
27.89
22.55
52.19
55.2
38.26
30.92
27.68
42.8
39.08
24.13
18.07
15.18
12.97
12.6
17.43
36.3
20.09
14.85
12.08
15.64
12.57
10.45
10.14
10.72
9.705
11.11
30.27
61.44
45.65
42.94
36.54
25.16
19.06
15.48
13.25
12.15
14.63
11.87
11.5
15.45
41.1
27.46
20.86
15.31
12.1
11.09
11.75
11.51
10.94
11.24
9.185
7.974
7.155
6.456
6.287
16.47
9.019
8.492
7.159
6.314
5.607
5.212
5.718
8.212
5.731
6.961
9.877
6.446
5.302
4.655
4.222
3.907
3.578
3.299
3.081
2.888
2.822
2.614
2.396
2.246
2.114
2.028
1.967
2.354
2.851
13.62
22.73
18.59
10.9
7.993
5.934
4.541
3.896
3.869
7.054
5.861
4.37
3.833
18.43
7.418
9.634
8.753
6.619
11.83
42.28
14.17
9.268
7.282
6.01
5.038
4.324
3.804
3.366
2.985
2.693
2.418
2.24
2.099
2.71
3.192
1.552
1.43
1.356
1.325
1.311
1.985
2.752
1.145
1.135
1.015
1.039
1.129
1.662
2.496
1.036
1.039
0.954
0.876
0.887
1.489
2.282
0.993
1.849
6.855
6.424
4.671
4.417
11.38
6.41
4.454
3.304
2.841
3.791
3.679
2.938
2.509
2.435
6.322
14.13
6.446
6.387
7.602
5.255
6.048
13.28
7.989
6.268
7.5
7.538
7.355
5.732
5.197
6.05
5.52
4.502
3.851
3.431
3.134
3.431
8.408
6.965
4.81
4.095
3.862
3.463
3.886
8.408
24.5
10.05
7.685
7.451
7.837
19.16
10.66
11.45
41.67
22.96
21.88
13.93
10.46
8.528
7.371
12.08
10.74
7.752
6.505
5.73
5.236
5.004
4.476
4.304
4.671
4.207
3.891
9.416
12.53
9.824
7.891
39.43
84.62
41.75
20.28
14.7
12.19
10.01
8.75
8.11
8.099
7.368
6.46
5.835
5.344
5.113
4.681
4.474
4.264
4.105
4.368
8.774
6.383
45.2
41.89
20.34
14.3
14.4
18.32
32.46
45.86
33.76
75.19
43.67
68.41
34.24
21.87
16.2
13.28
11.46
12.76
25.72
17.22
15.27
12.92
12.04
11.34
13.58
75.33
105.1
54.94
29.72
27.54
23.82
16.95
18.58
22.13
37.38
28.33
20.67
15.23
13.09
11.39
9.801
8.565
11.35
30.12
25.14
60.56
38.73
27.52
20.12
16.66
14.38
11.96
10.68
9.837
8.799
8.164
11.13
9.282
8.089
7.254
6.535
6.135
5.832
5.517
5.227
5.759
5.308
4.81
4.559
4.368
4.433
4.457
4.129
3.979
4.276
4.364
3.768
3.72
3.585
4.227
8.695
5.469
4.796
8.924
14.54
10.71
7.3
6.493
5.613
4.988
4.373
4.102
4.436
16.02
15.21
18.69
14.34
72.23
47.34
22.44
14.91
12.37
12.83
10.75
8.945
8.172
8.227
11.9
12.1
28.76
21.15
13.7
12.91
9.431
7.181
6.445
5.965
5.583
5.29
12.62
14.4
23.04
33.47
78.7
42.24
35.64
31.03
24.31
37.27
108.7
61.34
60.59
34.74
74.61
41.73
27.61
21.14
14.14
10.22
11.62
10.57
8.666
7.519
6.727
6.123
5.622
5.174
4.812
4.471
5.068
6.515
10.08
22.19
19.46
13.87
11.53
9.748
8.285
7.299
6.591
5.975
5.47
5.076
4.739
4.476
4.24
4.001
3.763
3.517
3.309
3.112
2.979
2.921
3.163
3.9
5.332
5.842
4.449
3.873
3.703
3.599
3.391
3.191
3.003
2.979
3.037
4.512
5.873
4.269
4.097
3.445
3.002
2.723
2.526
2.339
2.201
2.291
2.414
2.352
2.118
1.862
1.696
1.557
1.531
1.643
1.975
2.071
2.145
4.297
11.09
9.345
9.525
8.887
9.056
25.57
12.36
9.065
10.34
8.241
6.616
5.531
5.267
15.48
10.63
7.853
6.778
7.787
6.533
5.344
4.68
4.132
3.693
3.561
5.649
4.893
4.121
3.487
3.011
2.901
3.138
3.399
2.245
1.922
1.742
1.641
1.527
1.409
1.352
1.435
1.776
2.719
2.49
1.807
1.53
1.396
1.374
2.067
2.439
2.821
14.09
9.251
26.89
10.14
23.09
10.03
7.327
18.67
11.61
7.982
6.459
5.661
4.749
4.047
3.617
3.659
3.736
5.963
6.598
5.675
45.75
27.51
69.7
47.86
21.06
17.35
14.8
27.52
19.74
13.76
11.56
9.369
9.565
13.88
10.65
7.715
6.223
5.318
4.71
4.257
4.04
4.798
11.49
6.657
5.762
13.58
20.59
13.16
11.17
8.098
6.523
11.32
8.296
16.03
11.52
9.566
7.383
6.431
5.603
4.907
4.393
4.014
3.686
3.392
4.701
5.058
15.92
15.56
27.42
35.44
20.78
13.58
10.74
