.00022
.00026
.00032
0
.00014
.00066
0
.00027
.00065
.00134
.00074
.00055
.00046
0
.00013
.00036
0
.00015
0
.00056
.00055
.00029
.00011
.00008
.00049
.00030
.00077
.00097
.00093
.00069
.00052
.00057
.00044
.00048
.00034
.00015
0
.00040
.00072
.00105
.00101
.00074
.00074
.00039
.00036
.00046
.00032
.00022
.00037
.00045
.00060
.00044
.00097
.00077
.00076
.00091
.00032
.00061
.00067
.00103
.00087
.00071
.00055
.00095
.00040
.00087
.00096
.00094
.00097
.00122
.00063
.00103
.00139
.00062
.00109
.00135
.00214
.00190
.00019
.00151
.00099
.00182
.00124
.00105
.00168
.00188
.00178
.00089
.00066
.00171
.00202
.00155
.00174
.00171
.00127
.00188
.00208
.00130
.00191
.00286
.00224
.00250
.00156
.00223
.00096
.00275
.00282
.00156
.00179
.00265
.00262
.00250
.00316
.00355
.00215
.00319
.00252
.00256
.00234
.00245
.00229
.00183
.00216
.00334
.00235
.00116
.00274
.00305
.00298
.00247
.00252
.00294
.00313
.00305
.00358
.00179
.00311
.00433
.00373
.00395
.00470
.00528
.00540
.00262
.00288
.00212
.00306
.00363
.00217
.00226
.00396
.00122
.00437
.00499
.00497
.00499
.00193
.00280
.00184
.00087
.00325
.00399
.00366
.00101
.00319
.00448
.00456
.00557
.00368
.00178
.00363
.00529
.00567
.00531
.00387
.00471
.00496
.00500
.00480
.00404
.00573
.00353
.00525
.00568
.00392
.00426
.00374
.00306
.00455
.00390
.00433
.00416
.00188
.00358
.00282
.00397
.00325
.00358
.00345
.00430
.00206
.00437
.00220
.00461
.00438
.00380
.00317
.00296
.00274
.00271
.00401
.00390
.00301
.00341
.00302
.00296
.00357
.00195
.00248
.00383
.00352
.00389
.00299
.00363
.00096
.00344
.00341
.00310
.00352
.00346
.00355
.00339
.00335
.00349
.00169
.00304
.00303
.00292
.00331
.00278
.00285
.00202
.00263
.00239
.00281
.00277
.00263
.00252
.00266
.00227
.00197
.00261
.00218
.00265
.00248
.00156
.00300
.00275
.00262
.00241
.00249
.00146
.00211
.00213
.00213
.00177
.00156
.00184
.00191
.00070
.00109
.00032
.00154
.00042
.00147
.00004
.00131
.00106
.00145
.00108
.00051
.00088
.00086
.00082
.00061
.00074
.00095
.00106
.00129
.00121
.00116
.00104
.00153
.00142
.00110
.00069
.00139
.00117
.00086
.00126
.00109
.00071
.00097
.00036
.00087
.00104
.00106
.00051
.00066
.00037
.00052
.00161
.00171
.00104
.00074
.00132
.00085
.00025
.00023
.00009
.00113
.00107
.00025
.00015
.00067
.00076
.00076
.00082
.00081
0
.00080
.00023
.00067
.00097
.00092
.00093
0
0
.00012
0
0
.00022
.00039
.00007
.00028
.00062
.00031
.00010
.00047
.00059
.00015
.00024
.00016
0
0
0
.00052
.00034
.00002
.00001
.00023
.00017
0
0
0
.00065
.00061
.00027
.00050
.00023
.00011
.00045
.00029
.00034
.00036
.00035
.00032
.00016
.00003
.00056
.00035
0
.00024
.00028
.00008
.00013
.00005
.00012
.00049
.00017
.00049
.00066
.00003
0
0
.00040
.00049
.00045
.00130
.00088
.00063
0
.00065
.00059
.00064
.00018
.00035
.00033
.00041
.00054
.00068
.00062
.00038
.00083
.00065
.00069
.00091
.00071
.00057
.00067
.00071
.00070
.00083
.00079
.00070
.00073
.00037
.00061
.00083
.00101
.00104
.00143
.00140
.00166
.00167
.00130
.00053
.00112
.00076
.00086
.00139
.00165
.00154
.00142
.00158
.00160
.00180
.00212
.00125
.00114
.00156
.00175
.00211
.00132
.00181
.00162
.00176
.00216
.00136
.00178
.00252
.00266
.00268
.00251
.00285
.00166
.00261
.00217
.00245
.00233
.00247
.00301
.00276
.00298
.00279
.00283
.00307
.00338
.00343
.00274
.00173
.00268
.00264
.00222
.00295
.00285
.00296
.00329
.00344
.00290
.00305
.00295
.00293
.00362
.00332
.00348
.00341
.00293
.00321
.00283
.00222
.00309
.00315
.00370
.00325
.00377
.00365
.00298
.00372
.00381
.00395
.00361
.00285
.00328
.00185
.00411
.00380
.00493
.00461
.00215
.00261
.00410
.00398
.00387
.00411
.00381
.00223
.00351
.00416
.00478
.00378
.00450
.00356
.00209
.00430
.00469
.00391
.00366
.00347
.00391
.00359
.00496
.00451
.00432
.00449
.00416
.00418
.00496
.00532
.00516
.00395
.00383
.00399
.00424
.00402
.00455
.00439
.00420
.00360
.00396
.00306
.00166
.00280
.00427
.00445
.00278
.00429
.00393
.00320
.00293
.00212
.00181
.00390
.00455
.00331
.00409
.00325
.00409
.00404
.00430
.00348
.00381
.00159
.00264
.00286
.00298
.00101
.00150
.00212
.00322
.00229
.00356
.00234
.00314
.00289
.00345
.00386
.00353
.00307
.00286
.00344
.00267
.00080
.00204
.00249
.00184
.00271
.00167
.00183
.00244
.00237
.00260
.00271
.00295
.00299
.00229
.00218
.00193
.00246
.00265
.00313
.00270
.00237
.00114
.00206
.00175
.00195
.00229
.00197
.00250
.00196
.00164
.00173
.00190
.00206
.00203
.00230
.00259
.00252
.00068
.00161
.00191
.00172
.00207
.00196
.00099
.00121
.00103
.00151
.00040
.00112
.00110
.00144
.00108
.00160
.00159
.00151
.00117
.00121
.00143
.00106
.00112
.00058
.00084
.00060
.00083
.00125
.00076
.00045
.00060
.00081
.00045
0
.00022
.00048
.00034
.00064
.00060
.00028
.00060
.00021
0
.00063
.00075
.00040
.00043
.00076
.00023
0
.00031
.00002
.00063
.00082
.00115
.00096
.00124
.00064
.00076
.00119
.00097
.00041
.00108
.00092
.00080
.00062
.00100
.00103
.00074
.00035
.00034
.00055
.00130
.00113
0
0
.00042
.00043
.00013
.00072
.00012
.00035
.00046
.00073
.00075
.00057
.00016
.00102
.00097
.00085
.00030
.00028
.00085
.00117
.00096
.00112
.00082
.00078
.00033
.00025
.00031
.00033
.00096
.00044
0
.00018
.00029
.00032
.00062
.00102
.00102
.00086
.00087
.00075
.00031
.00034
.00063
.00028
.00007
.00018
.00089
.00122
.00111
.00058
.00042
.00058
.00030
.00032
.00075
.00040
.00027
.00053
.00044
.00047
.00071
.00094
.00096
.00054
.00086
.00121
.00127
.00076
.00089
.00092
.00107
.00121
.00115
.00078
.00059
.00111
.00093
.00088
.00064
.00076
.00036
.00136
.00149
.00149
.00144
.00144
.00131
.00140
.00131
.00101
.00116
.00135
.00160
.00153
.00115
.00171
.00182
.00137
.00167
.00184
.00179
.00197
.00224
.00233
.00247
.00237
.00233
.00110
.00218
.00175
.00087
.00280
.00268
.00129
.00210
.00150
.00147
.00198
.00193
.00185
.00239
.00229
.00226
.00296
.00203
.00150
.00154
.00228
.00261
.00242
.00236
.00259
.00180
.00238
.00261
.00282
.00141
.00285
.00192
.00244
.00252
.00178
.00268
.00350
.00254
.00319
.00343
.00108
.00245
.00420
.00247
.00333
.00274
.00338
.00267
.00253
.00194
.00319
.00257
.00368
.00403
.00419
.00415
.00395
.00448
.00495
.00373
.00336
.00188
.00384
.00265
.00369
.00382
.00309
.00325
.00378
.00200
.00308
.00386
.00329
.00379
.00403
.00423
.00190
.00272
.00280
.00451
.00442
.00467
.00080
.00287
.00308
.00359
.00327
.00391
.00442
.00341
.00392
.00424
.00260
.00320
.00456
.00335
.00457
.00179
.00466
.00317
.00253
.00233
.00279
.00338
.00376
.00353
.00391
.00288
.00350
.00383
.00375
.00390
.00426
.00441
.00373
.00449
.00341
.00234
.00440
.00404
.00384
.00373
.00415
.00305
.00376
.00431
.00445
.00407
.00364
.00355
.00374
.00378
.00386
.00340
.00328
.00311
.00349
.00286
.00363
.00255
.00356
.00292
.00326
.00325
.00345
.00260
.00239
.00213
.00278
.00212
.00325
.00139
.00207
.00322
.00288
.00304
.00285
.00331
.00246
.00301
.00281
.00265
.00306
.00220
.00263
.00166
.00182
.00268
.00251
.00159
.00246
.00240
.00226
.00161
.00201
.00167
.00194
.00143
.00119
.00159
.00170
.00185
.00212
.00095
.00145
.00141
.00148
.00148
.00161
.00112
.00118
.00126
.00106
.00136
.00148
.00143
.00095
.00086
.00103
.00097
.00082
.00097
.00072
.00076
.00049
.00029
.00064
.00032
.00079
.00156
.00162
.00062
.00034
.00077
.00118
.00056
.00104
.00024
.00021
.00068
.00042
.00071
.00078
.00079
.00033
.00025
.00027
.00043
.00041
.00035
.00037
.00027
.00052
.00090
.00020
.00004
.00045
.00070
.00019
.00033
.00036
.00092
.00109
.00036
0
.00061
.00020
.00060
.00036
.00095
.00060
.00064
.00039
.00093
.00124
.00022
0
0
.00069
.00046
0
0
0
.00060
.00102
.00065
.00027
.00052
.00022
.00002
.00045
.00037
.00063
.00036
.00093
.00056
.00066
.00050
.00033
.00024
0
0
.00024
.00018
.00010
.00034
.00012
.00063
.00016
0
.00032
.00008
.00009
.00091
.00117
.00102
.00105
.00056
.00064
0
.00037
.00050
.00063
.00082
.00045
.00081
.00088
.00086
.00108
.00086
.00121
.00102
.00130
.00098
.00082
.00012
.00046
.00137
.00104
.00074
.00054
.00047
.00037
.00060
.00051
.00062
.00090
.00123
.00118
.00090
.00135
.00114
.00084
.00034
.00095
.00081
.00062
.00095
.00065
.00087
.00084
.00088
.00076
.00077
.00175
.00175
.00150
.00153
.00103
.00079
.00095
.00099
.00104
.00124
.00143
.00150
.00143
.00142
.00170
.00172
.00174
.00186
.00178
.00178
.00193
.00192
.00197
.00193
.00211
.00194
.00187
.00229
.00204
.00192
.00194
.00199
.00159
.00112
.00231
.00193
.00276
.00261
.00182
.00277
.00251
.00295
.00196
.00186
.00177
.00168
.00151
.00246
.00237
.00204
.00304
.00316
.00294
.00284
.00275
.00340
.00326
.00325
.00404
.00219
.00269
.00318
.00234
.00250
.00326
.00336
.00163
.00314
.00263
.00110
.00412
.00207
.00269
.00317
.00255
.00215
.00395
.00413
.00371
.00348
.00085
.00210
.00425
.00307
.00371
.00448
.00406
.00309
.00410
.00407
.00422
.00406
.00428
.00356
.00354
.00370
.00437
.00440
.00420
.00409
.00364
.00458
.00359
.00377
.00396
.00388
.00352
.00430
.00329
.00264
.00142
.00464
.00326
.00415
.00225
.00422
.00416
.00480
.00496
.00505
.00466
.00546
.00384
.00419
.00544
.00410
.00446
.00510
.00516
.00515
.00540
.00455
.00340
.00321
.00376
.00350
.00469
.00488
.00493
.00520
.00319
.00437
.00452
.00408
.00429
.00475
.00444
.00465
.00142
.00374
.00410
.00419
.00362
.00342
.00388
.00356
.00328
.00412
.00344
.00380
.00130
.00373
.00328
.00324
.00282
.00348
.00305
.00121
.00266
.00343
.00348
.00132
.00282
.00326
.00330
.00260
.00345
.00314
.00319
.00304
.00092
.00238
.00289
.00244
.00160
.00127
.00251
.00105
.00214
.00120
.00239
.00210
.00223
.00085
.00168
.00207
.00210
.00201
.00097
.00086
.00205
.00158
.00182
.00159
.00150
.00194
.00108
.00104
.00082
.00131
.00128
.00167
.00152
.00217
.00232
.00181
.00106
.00113
.00128
.00092
.00052
.00072
.00042
.00043
.00074
.00024
.00055
.00096
.00102
.00041
.00083
.00117
.00090
.00118
.00119
.00090
.00108
.00044
.00135
.00057
.00013
.00090
.00106
.00068
.00042
.00043
.00068
.00085
.00101
.00121
.00062
.00028
.00020
.00040
.00069
.00103
.00102
.00053
.00025
.00099
.00053
.00013
.00014
.00028
.00083
.00089
.00001
0
.00046
.00074
.00117
.00091
.00034
.00069
.00035
.00004
.00019
.00108
.00020
.00079
.00035
.00072
.00069
.00069
.00076
.00096
.00043
.00102
.00057
.00112
.00073
0
.00112
.00073
.00056
.00061
.00039
.00035
.00038
.00073
.00038
.00053
.00039
.00051
.00039
.00004
.00048
.00047
.00053
.00011
.00006
.00031
.00003
.00023
.00008
0
0
.00032
.00030
.00049
.00059
.00052
.00057
.00031
.00023
.00072
.00080
.00065
.00094
.00096
.00068
.00071
.00082
.00057
.00044
.00097
.00087
.00072
.00052
.00092
.00153
.00073
.00052
.00099
.00059
.00070
.00069
.00091
.00096
.00137
.00117
.00114
.00107
.00098
.00113
.00067
.00102
.00103
.00089
.00109
.00105
.00119
.00145
.00144
.00158
.00118
.00121
.00135
.00148
.00138
.00140
.00168
.00155
.00110
.00158
.00151
.00202
.00169
.00176
.00200
.00167
.00156
.00161
.00113
.00143
.00144
.00103
.00183
.00166
.00117
.00129
.00149
.00204
.00140
.00225
.00214
.00183
.00241
.00163
.00181
.00242
.00263
.00277
.00228
.00254
.00234
.00208
.00213
.00093
.00292
.00313
.00127
.00203
.00108
.00320
.00322
.00313
.00125
.00316
.00335
.00266
.00301
.00322
.00273
.00229
.00304
.00284
.00273
.00323
.00353
.00375
.00325
.00416
.00443
.00441
.00356
.00320
.00406
.00117
.00134
.00242
.00347
.00407
.00121
.00071
.00252
.00442
.00444
.00483
.00344
.00429
.00223
.00247
.00462
.00257
.00449
.00363
.00497
.00474
.00490
.00457
.00400
.00406
.00292
.00400
.00414
.00418
.00476
.00455
.00507
.00480
.00403
.00455
.00488
.00408
.00448
.00404
.00471
.00496
.00419
.00398
.00283
.00357
.00221
.00460
.00425
.00362
.00318
.00427
.00526
.00427
.00455
.00355
.00473
.00500
.00382
.00255
.00422
.00437
.00471
.00424
.00384
.00399
.00488
.00418
.00449
.00373
.00434
.00451
.00264
.00295
.00377
.00422
.00457
.00399
.00374
.00422
.00364
.00160
.00362
.00332
.00374
.00335
.00331
.00330
.00351
.00305
.00297
.00332
.00264
.00283
.00283
.00313
.00287
.00299
.00277
.00261
.00265
.00266
.00297
.00214
.00273
.00180
.00268
.00268
.00176
.00226
.00235
.00283
.00241
.00234
.00223
.00222
.00202
.00136
.00191
.00167
.00223
.00174
.00074
.00178
.00185
.00075
.00160
.00175
.00216
.00191
.00139
.00171
.00188
.00139
.00183
.00233
.00081
.00176
.00160
.00131
.00142
.00123
.00131
.00095
.00094
.00161
.00123
.00149
.00056
.00104
.00118
.00133
.00104
.00186
.00146
.00108
.00080
.00119
.00134
.00137
.00104
.00054
.00092
.00080
.00129
.00099
.00070
.00006
.00094
.00069
.00059
.00064
.00022
0
.00056
.00039
.00054
.00012
0
.00013
.00039
0
.00024
0
.00020
.00025
.00019
.00043
0
.00033
.00022
.00028
.00048
.00026
.00022
.00080
0
0
.00036
.00046
.00082
.00089
.00064
.00150
.00126
.00072
.00051
.00057
.00049
.00059
.00042
.00039
.00099
.00099
.00061
.00074
.00033
.00059
.00018
0
.00005
0
.00002
.00032
.00018
.00060
.00115
.00085
.00028
0
.00033
.00054
.00078
.00113
.00132
.00105
.00115
.00096
.00116
.00186
.00146
.00077
.00058
.00036
.00027
.00085
.00017
.00055
.00129
.00071
.00095
.00080
.00132
.00105
.00074
.00142
.00149
.00120
.00081
.00131
.00054
.00033
.00049
.00073
.00029
.00013
.00059
.00073
.00065
.00037
.00049
.00063
.00113
.00084
.00088
.00101
.00120
.00081
.00177
.00187
.00133
.00108
.00152
.00124
.00163
.00160
.00187
.00168
.00100
.00142
.00162
.00133
.00123
.00154
.00125
.00140
.00135
.00166
.00159
.00119
.00107
.00117
.00169
.00161
.00138
.00163
.00172
.00145
.00168
.00138
.00200
.00114
.00134
.00219
.00259
.00206
.00209
.00104
.00186
.00236
.00212
.00232
.00258
.00257
.00281
.00246
.00126
.00244
.00235
.00177
.00258
.00238
.00257
.00206
.00304
.00281
.00274
.00339
.00315
.00074
.00336
.00349
.00297
.00296
.00262
.00295
.00296
.00124
.00349
.00172
.00206
.00264
.00289
.00158
.00257
.00362
.00341
.00321
.00233
.00389
.00278
.00267
.00298
.00349
.00394
.00381
.00293
.00386
.00308
.00226
.00275
.00258
.00371
.00345
.00417
.00269
.00376
.00341
.00444
.00422
.00375
.00331
.00406
.00393
.00444
.00453
.00436
.00421
.00336
.00250
.00444
.00402
.00225
.00349
.00263
.00200
.00395
.00179
.00293
.00307
.00225
.00360
.00463
.00285
.00399
.00509
.00481
.00451
.00456
.00355
.00378
.00389
.00462
.00227
.00470
.00539
.00535
.00436
.00136
.00320
.00362
.00431
.00323
.00456
.00327
.00298
.00366
.00403
.00421
.00341
.00346
.00359
.00088
.00164
.00317
.00382
.00359
.00439
.00377
.00339
.00357
.00418
.00370
.00409
.00445
.00372
.00399
.00345
.00406
.00365
.00077
.00356
.00391
.00317
.00102
.00391
.00336
.00286
.00274
.00347
.00300
.00358
.00319
.00340
.00361
.00347
.00291
.00166
.00308
.00288
.00153
.00209
.00208
.00316
.00093
.00197
.00138
.00205
.00221
.00101
.00245
.00164
.00041
.00207
.00213
.00207
.00211
.00168
.00058
.00195
.00179
.00271
.00240
.00175
.00162
.00161
.00152
.00139
.00167
.00177
.00093
.00139
.00080
.00068
.00085
.00137
.00119
.00102
.00151
.00078
.00130
.00137
.00156
.00176
.00176
.00139
.00112
.00116
.00128
.00168
.00121
.00099
.00139
.00115
.00047
.00037
.00046
.00039
.00060
.00026
.00035
.00050
.00020
.00016
.00029
.00004
.00072
.00145
.00159
.00030
.00109
.00190
.00133
.00078
.00178
.00093
.00093
.00147
.00123
.00140
.00098
.00095
.00062
.00119
.00041
.00067
.00131
.00155
.00075
.00070
.00065
.00039
.00125
.00178
.00135
.00052
.00078
.00143
.00121
.00121
.00059
.00031
.00004
.00030
.00028
.00050
.00070
.00076
.00084
.00134
.00083
.00127
.00122
.00100
.00037
.00054
.00041
.00055
.00109
.00086
.00128
.00095
.00067
.00049
.00071
.00078
.00090
.00049
.00024
.00088
.00005
.00011
.00058
.00076
.00097
.00101
.00058
.00034
.00033
0
.00047
.00048
.00048
.00059
.00066
.00117
.00112
.00138
.00161
.00181
.00100
.00122
.00207
.00134
.00091
.00080
.00068
.00117
.00088
.00119
.00109
.00093
.00033
.00083
.00128
.00131
.00144
.00084
.00094
.00096
.00095
.00084
.00120
.00106
.00105
.00135
.00116
.00114
.00109
.00115
.00120
.00141
.00116
.00132
.00164
.00119
.00126
.00098
.00034
.00108
.00109
.00140
.00125
.00132
.00091
.00087
.00080
.00062
.00137
.00134
.00158
.00161
.00144
.00092
.00224
.00135
.00186
.00124
.00143
.00186
.00211
.00148
.00092
.00247
.00075
.00126
.00220
.00219
.00207
.00148
.00233
.00176
.00092
.00150
.00115
.00170
.00240
.00276
.00229
.00297
.00301
.00314
.00277
.00287
.00254
.00260
.00278
.00230
.00224
.00261
.00340
.00141
.00228
.00338
.00318
.00355
.00294
.00281
.00401
.00329
.00293
.00310
.00303
.00172
.00310
.00378
.00333
.00373
.00306
.00251
.00407
.00334
.00404
.00349
.00368
.00170
.00227
.00284
.00403
.00360
.00324
.00163
.00162
.00182
.00226
.00344
.00367
.00463
.00491
.00380
.00442
.00315
.00286
.00257
.00173
.00449
.00318
.00279
.00194
.00319
.00391
.00390
.00430
.00462
.00461
.00458
.00458
.00370
.00437
.00300
.00197
.00415
.00420
.00413
.00447
.00403
.00322
.00397
.00399
.00424
.00187
.00371
.00410
.00443
.00433
.00431
.00365
.00480
.00379
.00492
.00550
.00386
.00433
.00496
.00412
.00469
.00396
.00384
.00364
.00212
.00332
.00413
.00357
.00450
.00385
.00416
.00425
.00364
.00449
.00338
.00425
.00268
.00347
.00207
.00371
.00384
.00326
.00357
.00357
.00312
.00315
.00155
.00198
.00339
.00295
.00333
.00332
.00184
.00329
.00325
.00122
.00306
.00338
.00301
.00319
.00293
.00159
.00156
.00222
.00318
.00283
.00301
.00279
.00251
.00320
.00257
.00288
.00198
.00258
.00097
.00228
.00222
.00120
.00230
.00229
.00219
.00244
.00229
.00227
.00164
.00148
.00183
.00276
.00213
.00108
.00169
.00128
.00132
.00174
.00215
.00123
.00141
.00160
.00176
.00133
.00169
.00174
.00174
.00109
.00050
.00135
.00141
.00132
.00082
.00072
.00119
.00145
.00071
.00071
.00105
.00105
.00122
.00087
.00042
.00052
.00111
.00110
.00059
.00070
.00178
.00170
.00157
.00087
.00054
.00068
.00125
.00060
.00061
.00057
.00050
.00144
.00104
.00059
.00047
.00050
.00092
.00049
.00091
.00038
0
.00031
.00140
.00080
.00033
.00055
.00058
.00034
0
.00042
.00023
.00037
.00080
0
.00028
.00038
.00065
.00027
0
0
.00040
.00012
.00028
.00053
.00029
.00026
.00082
.00118
.00122
.00171
.00109
.00182
.00050
.00014
.00029
.00021
.00056
.00105
.00100
.00071
.00148
.00041
.00054
0
0
.00043
.00081
.00166
.00112
.00132
.00114
.00043
.00015
.00023
.00030
0
0
.00039
.00058
.00037
.00033
.00041
.00029
.00053
.00052
.00034
.00050
.00075
.00022
.00055
.00072
.00092
.00047
.00073
.00076
.00087
.00119
.00133
.00115
.00126
.00095
.00091
.00057
.00086
.00074
.00085
.00104
.00127
.00112
.00135
.00086
.00120
.00109
.00087
.00097
.00086
.00124
.00144
.00108
.00049
.00101
.00047
.00133
.00152
.00135
.00056
.00053
.00150
.00139
.00155
.00157
.00121
.00158
.00130
.00117
.00149
.00234
.00119
.00175
.00185
.00209
.00192
.00178
.00160
.00122
.00123
.00206
.00196
.00225
.00223
.00224
.00192
.00230
.00134
.00256
.00279
.00225
.00204
.00173
.00249
.00165
.00267
.00124
.00267
.00294
.00188
.00256
.00241
.00206
.00316
.00302
.00271
.00259
.00161
.00245
.00196
.00261
.00248
.00272
.00265
.00283
.00301
.00257
.00189
.00245
.00292
.00373
.00325
.00219
.00311
.00360
.00137
.00289
.00226
.00407
.00104
.00310
.00359
.00298
.00434
.00435
.00481
.00426
.00420
.00336
.00147
.00385
.00454
.00403
.00284
.00450
.00473
.00209
.00088
.00365
.00194
.00442
.00106
.00425
.00407
.00439
.00378
.00463
.00395
.00515
.00559
.00567
.00318
.00294
.00424
.00203
.00341
.00477
.00439
.00191
.00164
.00110
.00243
.00433
.00460
.00395
.00066
.00306
.00287
.00394
.00469
.00452
.00281
.00349
.00431
.00451
.00382
.00198
.00453
.00453
.00443
.00344
.00201
.00398
.00300
.00205
.00203
.00313
.00160
.00332
.00352
.00427
.00429
.00440
.00399
.00188
.00326
.00396
.00402
.00352
.00414
.00147
.00346
.00403
.00186
.00257
.00407
.00353
.00400
.00387
.00429
.00366
.00376
.00302
.00305
.00303
.00206
.00323
.00332
.00290
.00342
.00380
.00283
.00263
.00331
.00218
.00311
.00284
.00163
.00099
.00303
.00154
.00285
.00237
.00168
.00271
.00296
.00237
.00246
.00268
.00204
.00204
.00176
.00219
.00227
.00122
.00222
.00214
.00235
.00074
.00158
.00159
.00201
.00100
.00144
.00053
.00249
.00262
.00184
.00206
.00210
.00141
.00142
.00139
.00153
.00103
.00188
.00205
.00139
.00134
.00128
.00202
.00102
.00073
.00092
.00136
.00138
.00094
.00084
.00084
.00104
.00119
.00146
.00186
.00102
.00068
.00070
.00094
.00066
.00093
.00123
.00092
.00085
.00110
.00120
.00180
.00107
.00150
.00131
.00059
.00022
.00119
.00119
.00153
.00087
.00028
.00016
.00103
.00091
.00087
.00104
.00117
.00114
.00130
.00162
.00163
.00145
.00035
.00028
.00031
.00071
.00087
.00151
.00131
.00075
.00016
.00045
.00053
.00059
.00070
.00109
.00071
.00044
.00034
.00002
0
0
0
.00060
.00093
.00127
.00044
.00110
.00076
.00019
.00087
.00087
.00072
.00059
.00111
.00019
.00036
.00130
.00058
.00101
.00050
.00020
.00017
.00023
.00103
.00082
.00067
.00122
.00145
.00055
.00068
.00051
.00042
.00058
.00072
.00103
.00080
.00016
.00072
.00087
.00120
.00114
.00125
.00144
.00125
.00028
.00121
.00096
.00071
.00079
.00069
.00046
.00064
.00121
.00127
.00069
.00103
.00132
.00121
.00096
.00069
.00040
.00083
.00054
.00066
.00118
.00132
.00128
.00144
.00121
.00131
.00140
.00123
.00117
.00060
.00077
.00061
.00100
.00078
.00135
.00041
.00037
.00031
.00137
.00121
.00101
.00088
.00153
.00158
.00185
.00106
.00143
.00187
.00172
.00160
.00176
.00207
.00067
.00132
.00180
.00153
.00091
.00189
.00081
.00131
.00144
.00206
.00189
.00120
.00160
.00226
.00056
.00122
.00094
.00164
.00224
.00218
.00267
.00195
.00302
.00370
.00351
.00330
.00247
.00282
.00209
.00320
.00282
.00216
.00257
.00272
.00230
.00365
.00206
.00318
.00353
.00369
.00414
.00407
.00439
.00336
.00371
.00295
.00334
.00238
.00391
.00406
.00287
.00318
.00394
.00424
.00340
.00376
.00230
.00265
.00345
.00141
.00352
.00388
.00398
.00265
.00231
.00418
.00392
.00276
.00167
.00176
.00374
.00206
.00324
.00263
.00356
.00462
.00463
.00404
.00411
.00435
.00285
.00283
.00423
.00488
.00399
.00284
.00429
.00480
.00434
.00533
.00510
.00485
.00446
.00504
.00423
.00445
.00443
.00461
.00418
.00495
.00458
.00536
.00516
.00486
.00251
.00405
.00438
.00334
.00470
.00510
.00527
.00270
.00473
.00515
.00471
.00373
.00391
.00520
.00451
.00390
.00447
.00441
.00481
.00437
.00210
.00419
.00501
.00390
.00511
.00295
.00380
.00428
.00312
.00400
.00479
.00321
.00433
.00364
.00274
.00364
.00279
.00390
.00384
.00340
.00372
.00293
.00213
.00357
.00239
.00265
.00336
.00277
.00163
.00323
.00322
.00292
.00307
.00333
.00252
.00386
.00197
.00169
.00162
.00276
.00185
.00244
.00295
.00211
.00302
.00296
.00287
.00198
.00230
.00216
.00202
.00230
.00261
.00215
.00227
.00249
.00208
.00232
.00252
.00235
.00244
.00171
.00221
.00251
.00193
.00233
.00143
.00139
.00031
.00156
.00196
.00192
.00201
.00146
.00169
.00146
.00224
.00054
.00077
.00139
.00122
.00085
.00124
.00100
.00053
.00192
.00211
.00139
.00118
.00162
.00186
.00184
.00115
.00107
.00124
.00086
.00095
.00168
.00113
.00058
.00055
.00080
.00098
.00156
.00102
.00048
.00092
.00129
.00090
.00057
.00009
.00038
.00044
.00136
.00153
.00155
.00068
.00063
.00072
.00106
.00086
.00094
.00097
.00077
.00135
.00039
.00009
.00076
.00025
.00007
.00013
.00112
.00148
.00088
.00047
0
.00089
.00157
.00126
.00118
.00073
.00011
.00075
.00015
.00039
.00022
.00022
.00021
0
.00006
0
0
0
.00057
.00037
.00020
.00110
.00089
0
.00010
.00037
.00024
.00050
.00175
.00136
.00042
.00032
.00076
.00106
.00071
.00090
.00089
.00141
.00072
.00046
.00026
.00049
.00064
.00030
.00009
.00060
.00085
.00147
.00120
.00049
.00039
.00009
.00091
.00099
.00067
.00111
.00050
.00054
.00067
.00102
.00137
.00073
.00086
.00069
.00077
.00053
.00098
.00129
.00107
.00121
.00100
.00113
.00096
.00109
.00125
.00073
.00108
.00132
.00127
.00040
.00103
.00132
.00139
.00135
.00131
.00096
.00103
.00134
.00179
.00115
.00196
.00154
.00240
.00211
.00205
.00126
.00166
.00189
.00119
.00160
.00195
.00160
.00207
.00190
.00199
.00143
.00140
.00209
.00225
.00190
.00204
.00211
.00147
.00176
.00219
.00196
.00124
.00212
.00170
.00221
.00235
.00255
.00252
.00250
.00232
.00210
.00170
.00227
.00253
.00270
.00365
.00388
.00325
.00250
.00231
.00135
.00263
.00258
.00259
.00291
.00321
.00324
.00214
.00316
.00290
.00311
.00204
.00300
.00139
.00221
.00353
.00342
.00376
.00424
.00459
.00426
.00355
.00343
.00357
.00390
.00346
.00323
.00404
.00460
.00351
.00330
.00348
.00319
.00321
.00276
.00282
.00315
.00340
.00330
.00435
.00325
.00384
.00470
.00349
.00227
.00452
.00368
.00284
.00111
.00059
.00215
.00357
.00434
.00351
.00416
.00277
.00440
.00459
.00429
.00311
.00250
.00078
.00294
.00478
.00410
.00480
.00481
.00235
.00332
.00465
.00387
.00431
.00391
.00308
.00418
.00055
.00390
.00321
.00323
.00234
.00280
.00476
.00430
.00415
.00442
.00241
.00356
.00457
.00474
.00480
.00475
.00488
.00505
.00294
.00300
.00209
.00284
.00330
.00239
.00355
.00387
.00352
.00408
.00296
.00448
.00395
.00172
.00183
.00090
.00263
.00398
.00137
.00302
.00116
.00390
.00364
.00350
.00303
.00346
.00158
.00381
.00367
.00416
.00394
.00354
.00200
.00305
.00255
.00281
.00284
.00159
.00206
.00261
.00275
.00277
.00233
.00274
.00127
.00232
.00268
.00080
.00250
.00235
.00117
.00213
.00229
.00188
.00227
.00203
.00182
.00202
.00225
.00096
.00092
.00198
.00109
.00196
.00051
.00161
.00134
.00183
.00148
.00048
.00088
.00073
.00086
.00175
.00157
.00151
.00185
.00151
.00004
.00096
.00073
.00048
.00106
.00048
.00090
.00109
.00046
.00121
.00091
.00033
.00091
.00077
.00154
.00107
.00105
.00112
.00134
.00047
.00081
.00059
.00058
.00069
.00097
.00117
.00109
.00105
.00129
.00121
.00100
.00037
.00127
.00139
.00055
.00055
.00082
.00032
.00096
.00140
.00081
.00051
.00029
.00032
.00009
0
.00095
.00098
0
.00032
.00086
.00047
.00067
.00120
.00078
.00070
.00129
.00131
.00093
.00102
.00038
.00061
.00106
.00044
.00080
.00022
.00051
.00042
.00031
.00040
0
.00060
.00023
0
.00039
.00042
.00034
.00067
.00051
0
