# Generated by from get_rainpet.bsh start_date=2010-01-01 end_date=2017-12-31
# dt [h]: Time step
24

################################################################################
# R [m/dt]:  Rainfall
# Ep [m/dt]: Potential evapotranspiration

# R Ep
0.008138 0.000120
0.008612 0.000267
0.000193 0.000041
0.003924 0.000083
0.015368 0.000044
0.014385 0.000164
0.002026 0.000004
0.002145 0.000025
0.001739 0.000092
0.000313 0.000953
0.001349 0.000334
0.003755 0.000203
0.002926 0.000205
0.000273 0.000003
0.010173 0.000081
0.005193 0.000152
0.000523 0.000030
0.000018 0.000028
0.000441 0.000038
0.002108 0.000270
0.008012 0.000328
0.000144 0.000008
0.004555 0.000017
0.003041 0.000051
0.000059 0.000202
0.000023 0.000184
0.000080 0.000503
0.003372 0.000285
0.000560 0.000512
0.000071 0.000448
0.000011 0.000388
0.004007 0.000409
0.002421 0.000210
0.000049 0.000218
0.001054 0.000091
0.007942 0.000094
0.001241 0.000025
0.001924 0.000001
0.002815 0.000263
0.008477 0.000326
0.000149 0.000447
0.003804 0.000332
0.002290 0.000265
0.000548 0.000277
0.000118 0.000147
0.003404 0.000155
0.000068 0.000151
0.000090 0.000129
0.000570 0.000130
0.001825 0.000265
0.001438 0.000283
0.001215 0.000202
0.000539 0.000326
0.004388 0.000393
0.005623 0.000267
0.009100 0.000191
0.041133 0.000176
0.004479 0.000441
0.003725 0.000598
0.000240 0.000806
0.000000 0.000791
0.000004 0.000490
0.000001 0.000630
0.000654 0.000788
0.000625 0.000375
0.000002 0.000579
0.000000 0.000491
0.000000 0.000694
0.000027 0.000908
0.002211 0.001013
0.000268 0.000854
0.000005 0.001267
0.001358 0.001285
0.000048 0.001224
0.000033 0.000892
0.000009 0.001233
0.000143 0.001546
0.002234 0.002106
0.002784 0.000818
0.000143 0.001054
0.000590 0.001086
0.001631 0.000827
0.010779 0.000611
0.012111 0.000576
0.000528 0.000944
0.000004 0.001854
0.008933 0.001433
0.026448 0.000753
0.050195 0.000176
0.010787 0.000667
0.000030 0.001805
0.003462 0.001149
0.002281 0.000847
0.001129 0.000987
0.000367 0.000855
0.000451 0.001444
0.000001 0.001594
0.000003 0.001706
0.000001 0.001332
0.000000 0.002038
0.000000 0.002061
0.001262 0.002098
0.000078 0.001400
0.000000 0.001744
0.000000 0.001352
0.000000 0.002684
0.000006 0.002658
0.001507 0.001106
0.000080 0.001201
0.000005 0.002454
0.000000 0.002408
0.000000 0.001983
0.000006 0.000870
0.000072 0.002259
0.000441 0.001465
0.000001 0.002627
0.002213 0.001767
0.000033 0.002512
0.000060 0.001805
0.000433 0.001793
0.000282 0.001326
0.000016 0.001567
0.000005 0.001996
0.000004 0.001836
0.009960 0.001347
0.003361 0.001209
0.000006 0.002278
0.001194 0.002086
0.001161 0.002238
0.000266 0.001611
0.000140 0.001919
0.000026 0.002449
0.001643 0.002391
0.000093 0.001761
0.000951 0.003123
0.004532 0.002165
0.000102 0.002439
0.000005 0.003756
0.000000 0.002099
0.000083 0.002604
0.000041 0.003379
0.000000 0.004349
0.003116 0.003704
0.003257 0.002509
0.000012 0.001998
0.000859 0.001939
0.003863 0.002265
0.001621 0.002972
0.004533 0.001850
0.000252 0.002051
0.000280 0.003177
0.001120 0.001597
0.000000 0.003382
0.000000 0.004058
0.000000 0.003498
0.000107 0.003231
0.008926 0.000623
0.001827 0.000714
0.004029 0.000624
0.000247 0.000807
0.000036 0.001604
0.000003 0.002385
0.000017 0.002843
0.002219 0.000763
0.000012 0.001997
0.000000 0.002828
0.000000 0.003217
0.000000 0.003473
0.000000 0.003139
0.000005 0.002892
0.000000 0.003054
0.000000 0.003581
0.000000 0.004668
0.000073 0.003338
0.000000 0.003049
0.000000 0.002738
0.000236 0.002954
0.000000 0.004133
0.006202 0.003617
0.000002 0.002985
0.000004 0.003738
0.005947 0.002291
0.000030 0.003779
0.000268 0.004083
0.000765 0.002834
0.000122 0.003418
0.000519 0.002497
0.000003 0.003758
0.000004 0.003318
0.012230 0.002183
0.005338 0.001781
0.000005 0.002876
0.000010 0.002097
0.009222 0.002491
0.021400 0.001352
0.003017 0.001874
0.000949 0.002673
0.000655 0.002814
0.000661 0.002041
0.002232 0.001744
0.016998 0.002099
0.004568 0.001832
0.000062 0.001922
0.000000 0.003036
0.000004 0.002149
0.000051 0.002092
0.000020 0.001801
0.000025 0.002727
0.001533 0.001757
0.000007 0.002248
0.000069 0.001687
0.000066 0.001968
0.007513 0.001749
0.001744 0.001556
0.000003 0.001959
0.000000 0.002135
0.002151 0.002295
0.001564 0.001313
0.001363 0.001455
0.000012 0.001896
0.000083 0.001733
0.010130 0.001790
0.004040 0.001835
0.013968 0.002048
0.007757 0.001665
0.001303 0.002189
0.000139 0.002506
0.002748 0.001523
0.000133 0.001608
0.000953 0.002280
0.004454 0.002463
0.001849 0.001788
0.000064 0.002775
0.000001 0.002861
0.017271 0.001012
0.001806 0.001718
0.000011 0.001911
0.000001 0.001827
0.004173 0.001856
0.004761 0.001704
0.002647 0.002417
0.000000 0.002246
0.000001 0.002305
0.000007 0.001592
0.000001 0.001926
0.000003 0.002011
0.000000 0.001642
0.000000 0.001964
0.012058 0.002380
0.006130 0.001273
0.000173 0.001029
0.000463 0.001606
0.006538 0.001198
0.000049 0.001478
0.001259 0.001929
0.002424 0.000970
0.002502 0.002146
0.000471 0.002019
0.000146 0.001857
0.000000 0.001774
0.001293 0.001279
0.003101 0.000579
0.000072 0.001128
0.000002 0.000959
0.001918 0.001010
0.017823 0.000698
0.001738 0.001413
0.000034 0.001445
0.002161 0.001076
0.001769 0.000175
0.004303 0.000512
0.009300 0.000166
0.000844 0.000834
0.014350 0.000517
0.001127 0.000930
0.005232 0.000486
0.000243 0.001133
0.007536 0.001249
0.000100 0.001049
0.000527 0.000882
0.000877 0.000197
0.000234 0.000627
0.000000 0.000733
0.000052 0.000542
0.000000 0.000408
0.000243 0.000345
0.000083 0.000510
0.004171 0.000680
0.000063 0.000533
0.000059 0.000579
0.004887 0.000913
0.001616 0.000653
0.001307 0.000890
0.005112 0.000706
0.020834 0.000402
0.006675 0.000559
0.000183 0.000564
0.005009 0.000541
0.000783 0.000364
0.002146 0.001125
0.002092 0.000681
0.000196 0.001024
0.000011 0.000591
0.000002 0.000149
0.001635 0.000274
0.004567 0.000765
0.010715 0.000769
0.003305 0.000080
0.004159 0.000322
0.006014 0.000130
0.000488 0.000316
0.017083 0.000816
0.002790 0.000807
0.002987 0.000318
0.006070 0.000554
0.000408 0.001036
0.003762 0.000307
0.008621 0.000124
0.000401 0.000036
0.000079 0.000028
0.005788 0.000693
0.006668 0.000531
0.005022 0.000016
0.008948 0.000113
0.016175 0.000210
0.008290 0.000122
0.011617 0.000103
0.018383 0.000142
0.013365 0.000237
0.020208 0.000054
0.010030 0.000106
0.016799 0.000153
0.011522 0.000130
0.007511 0.000327
0.009896 0.000338
0.003302 0.000043
0.000172 0.000008
0.000112 0.000001
0.000004 0.000053
0.003264 0.000008
0.000000 0.000011
0.000096 0.000057
0.000170 0.000271
0.000617 0.000380
0.000001 0.000229
0.000174 0.000045
0.000517 0.000081
0.009198 0.000042
0.005232 0.000119
0.000791 0.000292
0.000000 0.000322
0.002822 0.000028
0.009964 0.000001
0.000002 0.000006
0.000222 0.000004
0.008485 0.000011
0.005836 0.000049
0.000002 0.000030
0.000031 0.000016
0.003465 0.000014
0.006335 0.000000
0.000888 0.000000
0.000222 0.000000
0.000368 0.000000
0.000667 0.000000
0.000002 0.000248
0.000001 0.000321
0.000219 0.000377
0.003896 0.000237
0.000486 0.000033
0.000010 0.000123
0.005522 0.000040
0.000900 0.000016
0.000636 0.000167
0.026221 0.000092
0.002620 0.000071
0.003934 0.000007
0.000917 0.000000
0.000661 0.000133
0.004822 0.000452
0.000022 0.000611
0.000000 0.000220
0.000029 0.000085
0.000002 0.000161
0.000066 0.000024
0.000015 0.000027
0.000040 0.000153
0.000045 0.000346
0.000428 0.000451
0.001821 0.000223
0.004013 0.000330
0.000033 0.000131
0.000081 0.000039
0.001161 0.000012
0.000067 0.000133
0.000057 0.000222
0.000173 0.000420
0.000804 0.000575
0.011860 0.000802
0.013286 0.000589
0.002782 0.000532
0.018833 0.000058
0.006067 0.000418
0.000925 0.000355
0.000574 0.000249
0.000065 0.000248
0.008485 0.000093
0.000528 0.000180
0.008604 0.000143
0.000530 0.000226
0.007406 0.000262
0.005793 0.000225
0.000072 0.000151
0.003585 0.000361
0.001672 0.000309
0.000086 0.000355
0.000403 0.000373
0.006035 0.000227
0.000311 0.000278
0.000119 0.000708
0.000384 0.000866
0.000503 0.000579
0.000313 0.000715
0.000582 0.000592
0.000032 0.000637
0.000033 0.000630
0.000088 0.000082
0.000830 0.000451
0.000000 0.000632
0.000028 0.000858
0.000016 0.000806
0.001541 0.000951
0.003829 0.001171
0.001120 0.001345
0.011197 0.001097
0.004755 0.000206
0.000620 0.000573
0.000133 0.000801
0.001646 0.000111
0.000191 0.000557
0.000006 0.000638
0.000031 0.001368
0.000001 0.001202
0.000006 0.000925
0.000003 0.001759
0.000000 0.001265
0.000001 0.001300
0.000002 0.001351
0.000016 0.000966
0.000040 0.000710
0.000000 0.001207
0.000000 0.001088
0.007544 0.000968
0.003841 0.000418
0.000655 0.001535
0.003864 0.001354
0.000454 0.001820
0.000485 0.001785
0.001118 0.001205
0.000587 0.001814
0.000402 0.002274
0.000000 0.002580
0.000000 0.002590
0.000000 0.002258
0.000016 0.002592
0.000109 0.001728
0.000039 0.002579
0.000004 0.001280
0.000000 0.001329
0.000042 0.001307
0.000000 0.001869
0.000000 0.002693
0.000000 0.001794
0.000000 0.002161
0.000002 0.002459
0.000001 0.001940
0.000003 0.002157
0.002942 0.001481
0.000009 0.002545
0.000000 0.002149
0.000001 0.002216
0.000000 0.002794
0.000009 0.002751
0.000047 0.002024
0.000010 0.003449
0.000001 0.003631
0.000030 0.002935
0.000001 0.002844
0.000000 0.003243
0.001522 0.001724
0.002841 0.001818
0.020749 0.001738
0.006018 0.002116
0.001551 0.002899
0.000218 0.002378
0.000242 0.002657
0.000377 0.002483
0.001761 0.002115
0.001562 0.002319
0.000210 0.001548
0.003065 0.001777
0.000164 0.001901
0.000228 0.002800
0.000029 0.003104
0.000539 0.002803
0.006111 0.002155
0.001848 0.003030
0.002992 0.002516
0.000896 0.003600
0.000345 0.002040
0.003222 0.001460
0.000262 0.002300
0.000952 0.002930
0.000192 0.003112
0.003098 0.002144
0.000162 0.003476
0.000000 0.002368
0.000002 0.004524
0.000000 0.005016
0.000000 0.001727
0.002163 0.001666
0.000002 0.002655
0.003189 0.001903
0.001624 0.002210
0.000228 0.003067
0.001273 0.002670
0.012094 0.001427
0.008450 0.002497
0.000073 0.002380
0.000000 0.004073
0.001408 0.002105
0.002101 0.002839
0.000883 0.002461
0.008520 0.001351
0.009663 0.002073
0.006968 0.002557
0.003141 0.001445
0.001022 0.001722
0.009266 0.001763
0.000548 0.002561
0.000246 0.001893
0.000135 0.002687
0.000579 0.002226
0.000001 0.003192
0.000341 0.003287
0.002073 0.002556
0.000006 0.002627
0.000000 0.003231
0.000000 0.004351
0.000000 0.003443
0.014572 0.002298
0.010035 0.001813
0.002286 0.002399
0.002451 0.002278
0.008444 0.002252
0.001256 0.002006
0.002389 0.002154
0.000000 0.002301
0.000001 0.003318
0.000012 0.003564
0.004125 0.002650
0.016685 0.001444
0.007334 0.001991
0.008885 0.001555
0.013556 0.001863
0.004447 0.001453
0.000009 0.002454
0.000001 0.001953
0.000000 0.002782
0.000000 0.003511
0.001382 0.001928
0.000309 0.001936
0.000001 0.002452
0.000102 0.001932
0.000003 0.002378
0.000000 0.002737
0.000000 0.001910
0.001736 0.001519
0.009347 0.001527
0.000047 0.002613
0.007398 0.001317
0.000008 0.002939
0.027004 0.001265
0.014538 0.001440
0.000390 0.002127
0.002751 0.002961
0.015294 0.000497
0.015141 0.001175
0.001306 0.001216
0.000296 0.001901
0.001497 0.002161
0.000865 0.002486
0.004917 0.001484
0.000058 0.002347
0.001292 0.001405
0.000400 0.002307
0.001061 0.002689
0.000139 0.002387
0.000001 0.001960
0.000420 0.001608
0.000378 0.001839
0.000093 0.001850
0.009791 0.001001
0.004918 0.001209
0.001529 0.001818
0.000049 0.001857
0.001218 0.001330
0.000001 0.001077
0.000024 0.001423
0.001598 0.001516
0.003179 0.001153
0.002115 0.001665
0.007569 0.001257
0.000232 0.001862
0.000426 0.001922
0.001070 0.001791
0.000693 0.000925
0.001357 0.001210
0.003904 0.001680
0.000293 0.001844
0.000881 0.002105
0.000004 0.002102
0.000069 0.001473
0.014818 0.000446
0.001832 0.000967
0.000849 0.000810
0.001397 0.001165
0.000032 0.001395
0.004544 0.001437
0.000016 0.001840
0.000013 0.001255
0.000012 0.001391
0.000562 0.001192
0.000000 0.001618
0.000003 0.001187
0.000001 0.001887
0.000002 0.001563
0.000909 0.001667
0.004044 0.000900
0.000911 0.000209
0.000259 0.001194
0.000182 0.001501
0.001089 0.001356
0.001672 0.001303
0.000278 0.001383
0.008893 0.000289
0.004764 0.000718
0.000313 0.000837
0.004942 0.000907
0.001515 0.000380
0.000000 0.000395
0.000003 0.000593
0.002125 0.000871
0.000044 0.000761
0.009235 0.000877
0.000599 0.001021
0.000035 0.000990
0.002511 0.000561
0.000058 0.000664
0.000024 0.001182
0.000309 0.000917
0.006113 0.001074
0.001239 0.000515
0.000100 0.000350
0.000342 0.000287
0.000010 0.000568
0.001004 0.000585
0.000346 0.000619
0.002817 0.000526
0.000048 0.000382
0.003193 0.000464
0.000543 0.000301
0.000398 0.000121
0.000033 0.000127
0.000077 0.000076
0.000332 0.000035
0.000993 0.000180
0.000319 0.000313
0.000174 0.000201
0.003492 0.000343
0.000437 0.000101
0.000142 0.000000
0.000033 0.000214
0.000001 0.000326
0.000008 0.000236
0.000020 0.000341
0.000003 0.000561
0.000006 0.000091
0.000231 0.000015
0.001272 0.000048
0.000115 0.000044
0.001231 0.000523
0.008189 0.000670
0.003380 0.000526
0.007875 0.000778
0.000021 0.000928
0.000809 0.000610
0.003782 0.000778
0.007501 0.000682
0.000146 0.000304
0.000549 0.000226
0.000479 0.000669
0.000108 0.000324
0.000045 0.000166
0.005962 0.000238
0.004380 0.000456
0.005732 0.000825
0.002907 0.000561
0.003030 0.000088
0.002199 0.000105
0.006263 0.000229
0.002306 0.000873
0.000025 0.000700
0.004931 0.000005
0.009773 0.000022
0.000712 0.000208
0.000203 0.000138
0.002815 0.000017
0.004026 0.000447
0.000596 0.000008
0.001564 0.000438
0.000468 0.000386
0.000438 0.000526
0.000435 0.000753
0.000588 0.001085
0.002598 0.000356
0.002710 0.001079
0.000497 0.000689
0.009706 0.000332
0.001781 0.000304
0.000211 0.000503
0.004300 0.000473
0.000634 0.000763
0.007382 0.000688
0.000053 0.000803
0.000153 0.000391
0.000003 0.000899
0.000020 0.000477
0.000004 0.000373
0.000016 0.000555
0.002084 0.000470
0.000036 0.000719
0.000003 0.000042
0.000049 0.000006
0.000055 0.000008
0.000006 0.000017
0.000113 0.000123
0.000605 0.000520
0.001389 0.000514
0.004405 0.000402
0.000742 0.001080
0.000031 0.000712
0.001073 0.000358
0.002519 0.000062
0.000956 0.000512
0.000289 0.000119
0.000019 0.000093
0.000050 0.000027
0.007085 0.000079
0.000780 0.000275
0.000032 0.000713
0.000000 0.000632
0.000001 0.000199
0.000000 0.000147
0.006321 0.000293
0.000387 0.000119
0.000005 0.000087
0.000016 0.000093
0.003219 0.000473
0.007366 0.000026
0.000002 0.000219
0.000630 0.000176
0.000003 0.000194
0.000003 0.000658
0.000000 0.000979
0.000000 0.001045
0.000054 0.000749
0.001297 0.000618
0.000043 0.001009
0.000002 0.000917
0.000106 0.000686
0.001112 0.000716
0.000257 0.000869
0.000314 0.000959
0.000004 0.001352
0.000082 0.000865
0.000009 0.000523
0.000125 0.000609
0.000041 0.000789
0.000001 0.000728
0.000960 0.000713
0.000402 0.000475
0.004864 0.000561
0.004063 0.000482
0.000057 0.001009
0.004864 0.000851
0.000315 0.001192
0.000010 0.000945
0.000690 0.001205
0.000000 0.001227
0.000000 0.001423
0.000000 0.000978
0.000000 0.000686
0.000000 0.000852
0.000002 0.000867
0.000311 0.000940
0.000003 0.001141
0.000003 0.001257
0.000002 0.001292
0.000000 0.001695
0.000028 0.001588
0.000003 0.001445
0.000000 0.000870
0.000001 0.000919
0.000002 0.001683
0.000000 0.002004
0.000000 0.002219
0.000000 0.002479
0.000000 0.002621
0.000229 0.002300
0.000031 0.001454
0.000005 0.001620
0.009364 0.000315
0.018367 0.000658
0.000699 0.001492
0.000007 0.001613
0.002833 0.000482
0.000780 0.000860
0.000211 0.001105
0.008723 0.001000
0.012450 0.000953
0.005317 0.001056
0.000324 0.001185
0.000732 0.001467
0.000769 0.001498
0.000114 0.001684
0.005050 0.001701
0.000133 0.001478
0.009349 0.001026
0.005254 0.000835
0.003890 0.001025
0.010821 0.001040
0.002714 0.001227
0.002700 0.001215
0.004577 0.001295
0.030957 0.000787
0.011355 0.000815
0.000137 0.001601
0.000192 0.001919
0.011721 0.001367
0.000066 0.001069
0.000040 0.001581
0.000018 0.001448
0.000846 0.001478
0.000504 0.001662
0.000002 0.002059
0.000146 0.002083
0.002314 0.001315
0.000679 0.002153
0.016763 0.002026
0.023968 0.000486
0.003730 0.001167
0.000059 0.003027
0.000404 0.002196
0.005448 0.002642
0.000081 0.002255
0.000269 0.002423
0.011128 0.000607
0.008625 0.000622
0.000002 0.001629
0.000001 0.002741
0.000028 0.002350
0.000001 0.003975
0.000000 0.004109
0.000003 0.003776
0.000000 0.004398
0.000010 0.005056
0.000001 0.004338
0.000130 0.003864
0.002439 0.001733
0.007034 0.001570
0.012245 0.001321
0.000127 0.002124
0.000030 0.001869
0.001495 0.002125
0.000016 0.002668
0.010879 0.002004
0.004457 0.001379
0.014566 0.001416
0.026406 0.000598
0.002907 0.001710
0.000546 0.001615
0.000000 0.001512
0.000056 0.002152
0.000034 0.002259
0.003751 0.002528
0.010517 0.001088
0.015361 0.000571
0.001895 0.001520
0.000198 0.002966
0.000124 0.003021
0.000191 0.003260
0.021492 0.001153
0.009769 0.001356
0.002253 0.001888
0.010332 0.001972
0.000045 0.002156
0.006678 0.002253
0.001617 0.001466
0.024227 0.001533
0.000326 0.002303
0.000332 0.002782
0.005787 0.001744
0.003481 0.000621
0.000496 0.001870
0.000229 0.001612
0.007467 0.001847
0.036511 0.001333
0.001434 0.001532
0.013352 0.001619
0.007651 0.001428
0.018015 0.000610
0.006665 0.001523
0.001411 0.002064
0.000232 0.001714
0.000982 0.001754
0.000028 0.002778
0.000082 0.001911
0.008075 0.002444
0.010016 0.001733
0.000084 0.002092
0.000000 0.001845
0.000033 0.002720
0.000047 0.002613
0.000558 0.002183
0.003118 0.001939
0.000003 0.002416
0.000213 0.001463
0.000011 0.003328
0.000239 0.002249
0.001721 0.002427
0.004282 0.002243
0.004486 0.002795
0.000556 0.001403
0.000080 0.002210
0.000013 0.002583
0.000935 0.002028
0.012064 0.001539
0.002808 0.001835
0.000118 0.002256
0.000001 0.002608
0.000000 0.002636
0.000003 0.002859
0.000000 0.001858
0.000502 0.001932
0.000455 0.001456
0.000040 0.002238
0.018394 0.001389
0.004733 0.002785
0.006298 0.001225
0.000268 0.002104
0.008632 0.001708
0.000316 0.002053
0.000983 0.001662
0.002909 0.002453
0.000277 0.001784
0.001437 0.001162
0.012034 0.000962
0.000016 0.001819
0.008661 0.000786
0.000108 0.002682
0.001452 0.001218
0.000065 0.001851
0.000159 0.001450
0.000050 0.001710
0.000000 0.002215
0.000112 0.002191
0.000000 0.002891
0.000000 0.002098
0.000007 0.001649
0.000032 0.001829
0.000004 0.002049
0.000248 0.001969
0.007011 0.000985
0.000910 0.001755
0.000493 0.001430
0.002566 0.001035
0.000043 0.002214
0.000010 0.002251
0.000285 0.001273
0.001864 0.001354
0.000168 0.001572
0.000381 0.001591
0.027287 0.000687
0.000633 0.001027
0.000013 0.001195
0.004920 0.000995
0.069160 0.000611
0.011107 0.000344
0.001817 0.000722
0.000454 0.000883
0.000557 0.001337
0.001070 0.001622
0.000764 0.001169
0.000862 0.001156
0.010553 0.000857
0.000261 0.000860
0.000478 0.000844
0.000018 0.000742
0.000073 0.000854
0.000002 0.000832
0.000035 0.000614
0.000002 0.000674
0.000008 0.000596
0.029288 0.000520
0.000016 0.000639
0.000596 0.000382
0.002266 0.000350
0.012776 0.000392
0.012796 0.000381
0.014887 0.000320
0.001246 0.000337
0.000179 0.000284
0.000150 0.000339
0.000065 0.000255
0.003965 0.000168
0.004689 0.000000
0.001976 0.000208
0.002499 0.000416
0.002587 0.000599
0.002209 0.000604
0.001166 0.000332
0.000155 0.000216
0.000772 0.000410
0.000853 0.000420
0.000324 0.000120
0.001306 0.000474
0.002183 0.000129
0.000187 0.000048
0.000689 0.000150
0.004543 0.000429
0.000089 0.000811
0.000159 0.000700
0.000872 0.000599
0.000019 0.000181
0.000039 0.000187
0.000527 0.000059
0.000291 0.000555
0.000849 0.000355
0.000052 0.000081
0.001784 0.000186
0.000040 0.000042
0.004775 0.000122
0.000251 0.000556
0.000516 0.000625
0.000134 0.000233
0.010136 0.000428
0.000710 0.000276
0.017758 0.000015
0.012220 0.000105
0.037094 0.000193
0.009942 0.000340
0.000531 0.000273
0.000040 0.000057
0.006361 0.000016
0.000018 0.000090
0.000833 0.000031
0.001569 0.000021
0.003505 0.000079
0.001177 0.000247
0.010500 0.000215
0.008507 0.000232
0.000590 0.000211
0.005171 0.000690
0.008028 0.000168
0.000290 0.000009
0.000102 0.000070
0.000255 0.000028
0.023351 0.000169
0.000060 0.000236
0.001442 0.000002
0.000954 0.000000
0.000900 0.000000
0.007237 0.000348
0.021840 0.000331
0.005900 0.000039
0.018677 0.000055
0.000394 0.000563
0.006030 0.000104
0.000415 0.000018
0.017959 0.000082
0.002286 0.000205
0.001974 0.000305
0.000357 0.000605
0.001816 0.000508
0.000089 0.000650
0.003635 0.000322
0.001017 0.000193
0.000106 0.000701
0.000001 0.000442
0.000134 0.000346
0.008257 0.000155
0.006646 0.000137
0.000098 0.000132
0.000023 0.000019
0.004438 0.000000
0.000796 0.000000
0.000538 0.000128
0.001174 0.000021
0.008222 0.000013
0.002821 0.000001
0.000068 0.000024
0.000115 0.000273
0.010699 0.000524
0.003011 0.000325
0.006943 0.000501
0.016396 0.000410
0.005138 0.000195
0.004187 0.000040
0.000903 0.000058
0.009767 0.000312
0.002563 0.000171
0.000425 0.000594
0.006653 0.000749
0.004499 0.000888
0.005351 0.001281
0.004519 0.000712
0.003321 0.000441
0.001647 0.000489
0.000227 0.000778
0.004959 0.000876
0.009173 0.000550
0.000493 0.000761
0.000507 0.000430
0.000024 0.000406
0.000036 0.000150
0.005702 0.000199
0.000030 0.000686
0.000066 0.000531
0.007478 0.000505
0.000010 0.000357
0.000028 0.000467
0.000000 0.000287
0.000001 0.000449
0.000059 0.000376
0.001180 0.000290
0.000033 0.000552
0.000127 0.000810
0.000206 0.000595
0.002062 0.000450
0.002524 0.000396
0.000071 0.000489
0.000035 0.000459
0.000043 0.000497
0.000028 0.000514
0.000005 0.000768
0.000001 0.000718
0.000000 0.000432
0.000002 0.000621
0.000003 0.000522
0.003536 0.000248
0.003416 0.000233
0.008719 0.000388
0.001660 0.000375
0.001484 0.000858
0.001921 0.000960
0.000456 0.000909
0.000961 0.000842
0.000577 0.000607
0.003808 0.000604
0.005783 0.000382
0.010656 0.000453
0.018209 0.000287
0.017968 0.000484
0.001230 0.000606
0.000540 0.000959
0.000633 0.000923
0.000142 0.000940
0.000165 0.001434
0.000943 0.001254
0.002540 0.001015
0.000909 0.000806
0.001052 0.001038
0.000149 0.001001
0.000007 0.001089
0.000002 0.000969
0.000354 0.001344
0.000035 0.001072
0.000017 0.001600
0.002213 0.001578
0.000012 0.001195
0.000031 0.001476
0.000189 0.000877
0.000031 0.001245
0.000299 0.001420
0.000090 0.001010
0.000296 0.000976
0.001452 0.000832
0.000151 0.001356
0.000234 0.002046
0.000876 0.002920
0.000805 0.002859
0.006648 0.001349
0.004154 0.002181
0.000001 0.002258
0.000005 0.002519
0.000085 0.001718
0.000015 0.001756
0.000459 0.002657
0.000652 0.001945
0.001254 0.001488
0.003812 0.001851
0.000047 0.002162
0.000302 0.001956
0.000093 0.002911
0.000000 0.002914
0.000753 0.002461
0.000060 0.002250
0.000517 0.001113
0.000001 0.002408
0.000006 0.002472
0.000000 0.002673
0.000000 0.003842
0.001721 0.001588
0.004285 0.002134
0.000550 0.002069
0.000471 0.001908
0.001527 0.001854
0.000720 0.002740
0.002602 0.002455
0.017671 0.001357
0.000512 0.002494
0.006312 0.002296
0.010062 0.000533
0.000530 0.001493
0.005900 0.001408
0.000002 0.001892
0.001713 0.002937
0.005452 0.002045
0.000021 0.002269
0.000000 0.004086
0.000001 0.003412
0.002873 0.002200
0.000839 0.001868
0.007101 0.001046
0.000482 0.002104
0.001756 0.002861
0.000230 0.002528
0.000003 0.003412
0.000001 0.003584
0.000021 0.003904
0.000004 0.001959
0.000000 0.003065
0.000000 0.003632
0.000312 0.003235
0.000005 0.002203
0.000002 0.002881
0.001258 0.002047
0.000499 0.002106
0.000012 0.002769
0.004441 0.002585
0.000256 0.002761
0.000001 0.002830
0.000000 0.002639
0.000000 0.002832
0.000000 0.003654
0.000028 0.002339
0.002133 0.002343
0.002284 0.002204
0.009200 0.001830
0.000009 0.002192
0.000029 0.002516
0.000000 0.002520
0.003807 0.001751
0.003720 0.001879
0.000028 0.002799
0.000144 0.002809
0.000337 0.003137
0.004593 0.001587
0.000060 0.002479
0.000030 0.003098
0.000074 0.003808
0.000000 0.004380
0.000001 0.003750
0.000000 0.003264
0.000076 0.004368
0.000001 0.001898
0.000000 0.002811
0.000000 0.003710
0.000078 0.003020
0.000000 0.003763
0.000001 0.004219
0.000000 0.003807
0.000000 0.003906
0.000000 0.004200
0.000001 0.004442
0.000000 0.002012
0.000050 0.002267
0.000018 0.002271
0.001605 0.001561
0.012543 0.002223
0.004352 0.002161
0.000000 0.003285
0.019540 0.003242
0.011288 0.001740
0.000507 0.001929
0.001141 0.002735
0.005845 0.002426
0.000037 0.002002
0.000043 0.003933
0.000120 0.003610
0.003354 0.002849
0.019182 0.000661
0.000003 0.002602
0.000020 0.002215
0.000056 0.002328
0.000002 0.002112
0.000127 0.001959
0.000047 0.002507
0.006370 0.002091
0.000004 0.002358
0.005145 0.002333
0.001949 0.001836
0.000353 0.002710
0.003881 0.001764
0.000192 0.002973
0.000084 0.002440
0.001188 0.001891
0.000090 0.001766
0.000006 0.001630
0.016512 0.001436
0.006781 0.000882
0.000032 0.001607
0.000005 0.002517
0.002005 0.001843
0.000097 0.001405
0.000011 0.001731
0.000159 0.002167
0.000013 0.002503
0.000000 0.002087
0.000000 0.003069
0.000002 0.002492
0.000000 0.002392
0.005543 0.001379
0.041306 0.000642
0.000033 0.001553
0.000209 0.001790
0.000271 0.001179
0.000002 0.001641
0.001566 0.000776
0.003768 0.001169
0.000012 0.000919
0.001158 0.001525
0.001859 0.001391
0.000019 0.001489
0.000035 0.001430
0.003738 0.001582
0.004720 0.000699
0.000035 0.001356
0.000002 0.001153
0.000003 0.002228
0.000065 0.001259
0.000895 0.000532
0.001872 0.000277
0.000383 0.000931
0.000032 0.000790
0.000018 0.001106
0.000001 0.001336
0.000000 0.001116
0.000040 0.001339
0.003365 0.000626
0.007393 0.000336
0.013279 0.000589
0.000018 0.000992
0.000082 0.000989
0.000114 0.001045
0.000004 0.001291
0.003866 0.001398
0.001177 0.001258
0.000234 0.000945
0.000220 0.000643
0.000672 0.000645
0.005934 0.000547
0.000306 0.000399
0.032194 0.000339
0.008141 0.000432
0.005163 0.000337
0.003605 0.000322
0.000658 0.000349
0.009915 0.000358
0.002788 0.000448
0.000932 0.000733
0.006724 0.000586
0.013446 0.000419
0.002398 0.000632
0.002223 0.000869
0.000691 0.000589
0.000010 0.000853
0.000341 0.000582
0.001249 0.000562
0.000061 0.000577
0.009696 0.000211
0.000064 0.000858
0.000033 0.000240
0.000200 0.000131
0.000020 0.000309
0.000126 0.000559
0.000204 0.000319
0.000025 0.000100
0.002175 0.000132
0.000060 0.000312
0.000014 0.000381
0.000322 0.000576
0.000000 0.000853
0.000001 0.000382
0.000028 0.000579
0.002820 0.000047
0.000002 0.000094
0.003414 0.000261
0.042540 0.000488
0.012696 0.000359
0.000283 0.000084
0.000695 0.000058
0.000049 0.000144
0.000064 0.000021
0.000096 0.000179
0.000006 0.000302
0.001234 0.000072
0.000000 0.000696
0.000029 0.000433
0.000003 0.000028
0.000008 0.000178
0.001904 0.000367
0.004317 0.000212
0.001751 0.000912
0.000204 0.000399
0.000148 0.000128
0.000391 0.000602
0.000000 0.000616
0.000029 0.000557
0.000013 0.000410
0.000322 0.000370
0.000056 0.000389
0.001594 0.000738
0.009366 0.000601
0.000103 0.000521
0.000113 0.000290
0.009240 0.000551
0.003413 0.000603
0.006751 0.000544
0.027118 0.000786
0.000494 0.000547
0.016670 0.000359
0.006686 0.000990
0.000003 0.000560
0.015797 0.000037
0.007724 0.000899
0.000523 0.000651
0.001403 0.000202
0.013067 0.000336
0.000917 0.000352
0.012789 0.000230
0.004022 0.000355
0.001155 0.000820
0.000300 0.000285
0.009092 0.000176
0.006446 0.000759
0.006809 0.000905
0.000312 0.000309
0.000010 0.000097
0.001648 0.000295
0.000037 0.000127
0.002323 0.000177
0.002639 0.000019
0.003770 0.000027
0.000765 0.000100
0.001424 0.000006
0.001575 0.000103
0.008071 0.000151
0.007471 0.000148
0.000055 0.000012
0.011582 0.000339
0.000475 0.000182
0.000014 0.000358
0.007535 0.000218
0.011663 0.000477
0.011039 0.000437
0.003208 0.000296
0.021872 0.000098
0.001460 0.000409
0.000914 0.000343
0.008722 0.000321
0.006829 0.000647
0.000211 0.000780
0.002165 0.000795
0.008013 0.000583
0.006027 0.000464
0.000087 0.000381
0.009262 0.000270
0.003086 0.000728
0.000432 0.000713
0.004051 0.000449
0.001365 0.000486
0.009813 0.000566
0.000534 0.000953
0.015805 0.000471
0.002358 0.000531
0.000007 0.000849
0.001099 0.000089
0.002894 0.000241
0.001441 0.000302
0.001272 0.000709
0.000676 0.000925
0.001023 0.001004
0.006035 0.001198
0.002024 0.000780
0.000715 0.001035
0.006960 0.000907
0.000121 0.000850
0.000069 0.000559
0.003889 0.000600
0.003399 0.000606
0.000035 0.000669
0.000007 0.000800
0.000039 0.000765
0.004024 0.000559
0.000164 0.001208
0.000000 0.001261
0.002625 0.001052
0.000031 0.000971
0.000007 0.001140
0.000003 0.001149
0.000000 0.000792
0.000001 0.001087
0.000003 0.001510
0.000006 0.001972
0.000148 0.001567
0.000201 0.001349
0.000003 0.002098
0.007323 0.001349
0.001025 0.001593
0.000070 0.001121
0.000002 0.001534
0.000116 0.001727
0.002035 0.000847
0.004530 0.001254
0.003123 0.000951
0.005740 0.000908
0.000458 0.000820
0.000143 0.000643
0.008454 0.000846
0.005759 0.000766
0.001203 0.000599
0.002437 0.000333
0.000147 0.000652
0.000180 0.000817
0.000748 0.001366
0.006087 0.000792
0.000065 0.002225
0.000004 0.001481
0.000007 0.001984
0.000039 0.001975
0.000036 0.002161
0.000242 0.002179
0.000001 0.002476
0.000000 0.002474
0.000001 0.002273
0.000095 0.002225
0.000002 0.002640
0.000028 0.002263
0.000001 0.001816
0.000169 0.002147
0.002093 0.000856
0.005802 0.001533
0.000638 0.001824
0.016312 0.000364
0.000222 0.001306
0.006851 0.001019
0.000120 0.001832
0.000011 0.001683
0.021945 0.000500
0.001785 0.000609
0.000038 0.002696
0.001356 0.002029
0.001261 0.001409
0.000591 0.002006
0.000568 0.002612
0.005413 0.001783
0.000239 0.001596
0.007618 0.001981
0.003334 0.001253
0.000238 0.001477
0.000245 0.001639
0.006563 0.002295
0.000057 0.002970
0.000011 0.002248
0.000000 0.003298
0.000000 0.003167
0.011118 0.003263
0.000000 0.002947
0.000024 0.001749
0.006965 0.003470
0.012216 0.000811
0.001263 0.001382
0.010465 0.001440
0.001586 0.001544
0.000024 0.003052
0.002120 0.001815
0.004251 0.000667
0.000034 0.001854
0.000000 0.002809
0.000000 0.003291
0.000076 0.003048
0.000532 0.002043
0.009852 0.002043
0.016892 0.000667
0.000214 0.001530
0.000000 0.003550
0.012377 0.002484
0.000846 0.003388
0.005608 0.002522
0.000916 0.002829
0.000007 0.003572
0.000013 0.002961
0.002978 0.001661
0.000734 0.001922
0.000032 0.001095
0.000001 0.003281
0.000005 0.002484
0.000004 0.003635
0.000000 0.002855
0.000000 0.003151
0.000182 0.002556
0.000000 0.002199
0.002099 0.002497
0.001352 0.002408
0.000000 0.002394
0.000000 0.002873
0.005083 0.002042
0.004600 0.001887
0.000008 0.002362
0.000529 0.002384
0.000000 0.003534
0.000367 0.002685
0.000016 0.003068
0.007776 0.001840
0.000435 0.002572
0.003237 0.002423
0.006953 0.003094
0.014226 0.002333
0.000000 0.003986
0.000000 0.003644
0.000000 0.003602
0.011038 0.002758
0.000285 0.002585
0.000791 0.002352
0.000008 0.003197
0.000633 0.002125
0.000001 0.003695
0.000041 0.002577
0.005603 0.001213
0.000038 0.002315
0.000000 0.003125
0.000001 0.003711
0.000030 0.002839
0.000004 0.003756
0.000001 0.003944
0.012097 0.003632
0.005783 0.002964
0.000000 0.003475
0.000002 0.002764
0.000033 0.003001
0.000203 0.002038
0.005263 0.001603
0.005440 0.001188
0.000224 0.002704
0.000001 0.003446
0.004328 0.002933
0.009335 0.001957
0.000001 0.003278
0.017290 0.002139
0.000003 0.002742
0.017895 0.001134
0.000103 0.002632
0.001924 0.001997
0.002585 0.002366
0.002234 0.001784
0.000001 0.001974
0.000938 0.002100
0.002027 0.002414
0.001368 0.002201
0.000238 0.002177
0.001910 0.002073
0.002455 0.001320
0.001693 0.001710
0.001443 0.001866
0.000024 0.002028
0.000001 0.001794
0.000000 0.002415
0.004186 0.002157
0.001971 0.001851
0.001507 0.001583
0.000001 0.002383
0.003350 0.002267
0.000001 0.001620
0.000001 0.002054
0.000000 0.001289
0.000003 0.001476
0.001234 0.001070
0.000260 0.001171
0.000001 0.001743
0.000000 0.001550
0.000000 0.001230
0.000011 0.001708
0.000029 0.001680
0.000001 0.001298
0.000000 0.001062
0.002512 0.001067
0.007166 0.000307
0.000045 0.000864
0.000609 0.000631
0.001056 0.000645
0.000478 0.000599
0.000077 0.000927
0.000001 0.001108
0.000048 0.001172
0.002039 0.000915
0.000138 0.001328
0.000270 0.001152
0.000002 0.002264
0.000081 0.001400
0.000000 0.000945
0.000001 0.000910
0.000016 0.001152
0.000007 0.001144
0.000014 0.001361
0.027563 0.001233
0.003090 0.000665
0.003631 0.000952
0.007041 0.000893
0.000036 0.000557
0.006847 0.000626
0.005851 0.000452
0.000631 0.000660
0.000121 0.000455
0.000008 0.000499
0.000369 0.000654
0.000559 0.000865
0.004382 0.000625
0.005071 0.000385
0.006206 0.000531
0.000306 0.001179
0.000161 0.001445
0.001928 0.000841
0.000042 0.001329
0.000534 0.000745
0.000424 0.000867
0.000581 0.000703
0.000408 0.001129
0.000807 0.001495
0.000845 0.000872
0.017552 0.000504
0.001072 0.000264
0.000962 0.000180
0.000704 0.000653
0.000911 0.000835
0.001045 0.000703
0.000548 0.000284
0.022443 0.000115
0.002011 0.000197
0.006883 0.000338
0.002213 0.000283
0.001744 0.000226
0.000048 0.000051
0.002995 0.000007
0.004503 0.000376
0.001141 0.000396
0.001379 0.000520
0.014761 0.000168
0.000189 0.000001
0.013611 0.000001
0.002800 0.000120
0.000919 0.000038
0.012389 0.000162
0.000658 0.000023
0.008486 0.000189
0.000577 0.000068
0.000015 0.000032
0.000049 0.000265
0.002875 0.000002
0.006595 0.000000
0.003395 0.000000
0.001379 0.000004
0.000523 0.000007
0.000065 0.000004
0.004574 0.000002
0.000002 0.000121
0.000097 0.000001
0.000554 0.000008
0.000050 0.000068
0.000848 0.000188
0.000335 0.000289
0.000341 0.000233
0.006807 0.000318
0.011815 0.000601
0.002863 0.000399
0.002356 0.000084
0.000412 0.000171
0.000560 0.000487
0.000032 0.000192
0.005870 0.000209
0.000192 0.000170
0.001481 0.000377
0.000674 0.000517
0.000030 0.000684
0.005397 0.000456
0.002493 0.000663
0.001686 0.000209
0.000678 0.000387
0.000008 0.000012
0.000072 0.000000
0.010525 0.000000
0.000257 0.000006
0.000114 0.000005
0.000003 0.000042
0.000202 0.000327
0.003935 0.000609
0.002274 0.000688
0.000007 0.000238
0.000011 0.000062
0.000197 0.000142
0.001694 0.000142
0.002995 0.000477
0.003448 0.000461
0.006158 0.000986
0.000892 0.000654
0.002659 0.000579
0.004156 0.000885
0.000168 0.000389
0.012787 0.000484
0.006014 0.001022
0.000005 0.000545
0.000964 0.000153
0.009634 0.000220
0.004139 0.000053
0.001105 0.000044
0.000846 0.000070
0.000276 0.000004
0.002815 0.000351
0.000027 0.000396
0.001776 0.000400
0.000605 0.000511
0.003600 0.000443
0.000669 0.000544
0.000038 0.000373
0.005980 0.000339
0.008569 0.000598
0.000024 0.000795
0.000051 0.000534
0.002399 0.000289
0.001473 0.000488
0.000637 0.000278
0.000000 0.000058
0.000162 0.000221
0.000013 0.000343
0.000003 0.000325
0.000071 0.000112
0.000081 0.000238
0.000446 0.000300
0.000661 0.000329
0.000067 0.000176
0.004142 0.000390
0.000270 0.000470
0.000050 0.000782
0.000160 0.000865
0.000975 0.000743
0.000075 0.000546
0.000011 0.000637
0.004795 0.000208
0.001461 0.000949
0.000313 0.001032
0.004449 0.000537
0.000212 0.000858
0.000133 0.000953
0.003404 0.000734
0.000144 0.001148
0.000102 0.000946
0.001238 0.001061
0.000034 0.001360
0.000005 0.001132
0.000047 0.001417
0.000188 0.001435
0.000078 0.001213
0.000506 0.000907
0.000002 0.001453
0.003134 0.000822
0.020277 0.000621
0.000292 0.000448
0.000001 0.000777
0.001357 0.000725
0.002521 0.000241
0.000355 0.000457
0.000107 0.000634
0.000001 0.000929
0.000031 0.001106
0.000029 0.001192
0.000005 0.001174
0.000014 0.001347
0.001861 0.000976
0.004127 0.001113
0.001131 0.001053
0.001872 0.001567
0.003235 0.001247
0.002549 0.001131
0.005674 0.001473
0.000329 0.001773
0.000996 0.001524
0.003621 0.001673
0.001304 0.000639
0.000002 0.001046
0.000004 0.002123
0.000001 0.001813
0.000027 0.001942
0.000001 0.001953
0.000000 0.002570
0.000396 0.002404
0.000720 0.002215
0.004325 0.001466
0.000029 0.001535
0.000920 0.001660
0.000107 0.001897
0.000000 0.002017
0.000000 0.001915
0.000028 0.002305
0.000114 0.001485
0.000001 0.002010
0.000000 0.002933
0.000002 0.002849
0.000000 0.002289
0.008206 0.001974
0.002684 0.001740
0.000153 0.002140
0.000753 0.002277
0.002352 0.002121
0.002482 0.001684
0.000599 0.001886
0.000812 0.002073
0.004238 0.001651
0.010116 0.001020
0.007507 0.002731
0.006264 0.001302
0.002388 0.001679
0.000003 0.002660
0.018338 0.002095
0.001629 0.001588
0.001072 0.001652
0.003002 0.003212
0.000064 0.002915
0.000002 0.002558
0.000001 0.001882
0.000503 0.002502
0.000038 0.003373
0.001240 0.002560
0.001528 0.001668
0.003159 0.002126
0.000314 0.003220
0.000102 0.002131
0.000000 0.002751
0.001506 0.003463
0.000028 0.002409
0.000000 0.002456
0.000001 0.002980
0.006364 0.001864
0.000339 0.003249
0.003917 0.002294
0.007175 0.003016
0.000209 0.002350
0.013209 0.002174
0.000040 0.002914
0.000000 0.003647
0.000001 0.002986
0.000010 0.002823
0.000267 0.003267
0.000044 0.003791
0.000194 0.002632
0.000006 0.003403
0.000000 0.004346
0.000000 0.004690
0.000007 0.003555
0.004548 0.001474
0.000143 0.002056
0.001332 0.002395
0.000113 0.002138
0.000072 0.002805
0.000000 0.002337
0.000011 0.001994
0.004003 0.002131
0.003701 0.002403
0.005100 0.001543
0.000003 0.002293
0.000851 0.001781
0.003999 0.001688
0.000537 0.001720
0.001301 0.003920
0.000480 0.003094
0.000057 0.002615
0.000000 0.003846
0.002001 0.003675
0.002766 0.002740
0.015803 0.004076
0.003035 0.002225
0.010018 0.002468
0.001826 0.002486
0.002862 0.002344
0.002568 0.001999
0.000156 0.003123
0.002658 0.002467
0.000630 0.002611
0.002703 0.003164
0.004770 0.001474
0.000118 0.001853
0.000000 0.002832
0.007607 0.002396
0.000319 0.002597
0.002532 0.003450
0.002520 0.001972
0.000877 0.001816
0.000536 0.002518
0.000247 0.002532
0.000035 0.003324
0.000172 0.002141
0.001376 0.002078
0.013678 0.001840
0.012991 0.000763
0.004537 0.000706
0.002193 0.002112
0.000095 0.002309
0.001485 0.002137
0.000470 0.002734
0.001291 0.001859
0.000020 0.003316
0.000071 0.002335
0.000281 0.002201
0.000054 0.002286
0.000094 0.002550
0.000045 0.003079
0.000004 0.002124
0.001423 0.002790
0.000001 0.002220
0.000002 0.002887
0.019353 0.002795
0.015668 0.000480
0.000001 0.002235
0.000000 0.001837
0.000710 0.002812
0.014026 0.000843
0.001125 0.002070
0.000124 0.002227
0.000207 0.002094
0.008705 0.001503
0.003909 0.002931
0.000020 0.001596
0.001263 0.002379
0.000420 0.002185
0.000111 0.002453
0.000572 0.002518
0.000067 0.002545
0.000001 0.002032
0.003195 0.001360
0.003685 0.001530
0.001839 0.001381
0.001284 0.001368
0.002321 0.001539
0.000000 0.002081
0.000000 0.002290
0.000087 0.001825
0.000027 0.000810
0.000010 0.001073
0.000003 0.001767
0.000617 0.001872
0.010665 0.000979
0.002905 0.001425
0.010682 0.000327
0.000828 0.000995
0.000194 0.001323
0.000942 0.001017
0.000260 0.001046
0.000008 0.001493
0.005571 0.000928
0.002567 0.000797
0.001526 0.001021
0.001073 0.001005
0.000125 0.001500
0.000002 0.001654
0.000001 0.000752
0.000005 0.001169
0.000005 0.000940
0.000044 0.001156
0.000043 0.001044
0.000003 0.000987
0.000034 0.000928
0.000025 0.000557
0.000029 0.000692
0.011623 0.000465
0.004530 0.000446
0.006450 0.000157
0.000052 0.000741
0.000000 0.000540
0.000884 0.000424
0.000241 0.000511
0.006472 0.000624
0.000149 0.000460
0.000291 0.000446
0.000208 0.000354
0.000019 0.000414
0.000091 0.000408
0.000026 0.000409
0.000070 0.000343
0.005477 0.000611
0.000038 0.000797
0.000006 0.001687
0.000262 0.000736
0.000958 0.000586
0.000002 0.000525
0.000003 0.000610
0.000524 0.000174
0.009669 0.000108
0.004392 0.000285
0.006001 0.000074
0.000065 0.000312
0.000114 0.000185
0.000206 0.000118
0.003987 0.000016
0.000173 0.000000
0.001990 0.000013
0.002661 0.000201
0.011746 0.000172
0.011294 0.000412
0.000662 0.000691
0.005131 0.000888
0.001766 0.000436
0.011555 0.000790
0.004198 0.000720
0.029237 0.000440
0.003069 0.000119
0.000038 0.000921
0.015902 0.000501
0.007726 0.000582
0.000136 0.000684
0.011574 0.000378
0.003360 0.000573
0.001312 0.000047
0.001677 0.000161
0.000042 0.000242
0.000162 0.000245
0.000059 0.000059
0.005584 0.000429
0.008662 0.000494
0.004573 0.000460
0.003957 0.000216
0.003388 0.000096
0.000662 0.000636
0.041807 0.000002
0.002273 0.000725
0.007936 0.000850
0.002003 0.000294
0.001396 0.000170
0.000793 0.000577
0.003035 0.000836
0.001873 0.000444
0.000677 0.000387
0.009017 0.000049
0.003522 0.000001
0.000104 0.000000
0.004275 0.000003
0.000088 0.000019
0.000343 0.000512
0.001212 0.000562
0.005750 0.000678
0.003259 0.000677
0.007912 0.000681
0.006789 0.000635
0.002068 0.000668
0.000481 0.000716
0.046662 0.000189
0.016907 0.000002
0.000046 0.000008
0.000137 0.000394
0.001306 0.000646
0.004401 0.000756
0.001787 0.000192
0.011674 0.000403
0.017778 0.000241
0.024525 0.000111
0.026506 0.000118
0.039894 0.000063
0.013757 0.000156
0.007576 0.000296
0.003985 0.000005
0.016722 0.000000
0.002603 0.000288
0.001740 0.000008
0.009932 0.000047
0.019155 0.000075
0.001577 0.000241
0.000009 0.000223
0.000042 0.000120
0.000314 0.000015
0.002917 0.000006
0.000176 0.000000
0.000005 0.000011
0.004620 0.000034
0.002833 0.000329
0.001902 0.000486
0.000281 0.000217
0.005612 0.000762
0.026198 0.000761
0.010827 0.000313
0.001909 0.000630
0.001854 0.001257
0.000689 0.000826
0.004412 0.000241
0.003667 0.001101
0.000058 0.001346
0.002878 0.000491
0.000123 0.000211
0.001980 0.000638
0.004114 0.000227
0.003109 0.000760
0.000972 0.000433
0.002070 0.000422
0.000003 0.000503
0.003785 0.000272
0.008763 0.000141
0.011162 0.000389
0.006393 0.000314
0.000081 0.000556
0.007107 0.000792
0.001050 0.000133
0.000056 0.000373
0.003007 0.000399
0.000418 0.000857
0.000735 0.000713
0.000001 0.000847
0.000006 0.000605
0.000013 0.000478
0.000001 0.000547
0.000000 0.000366
0.000033 0.000431
0.000156 0.000567
0.003924 0.000652
0.001330 0.000820
0.003304 0.000695
0.002887 0.000612
0.006578 0.000458
0.005204 0.000605
0.000245 0.000713
0.000639 0.000996
0.001300 0.000516
0.004896 0.000419
0.000053 0.000486
0.001073 0.000667
0.000033 0.000697
0.000028 0.000846
0.000330 0.001189
0.001747 0.000584
0.000280 0.000545
0.000255 0.000700
0.000104 0.000584
0.000041 0.000884
0.000074 0.001279
0.000000 0.001410
0.000000 0.001095
0.000228 0.000903
0.000048 0.000917
0.000000 0.001999
0.006851 0.001337
0.002350 0.001525
0.000016 0.001221
0.000336 0.001109
0.000070 0.001250
0.000368 0.001309
0.000454 0.000791
0.001907 0.000878
0.001223 0.000968
0.005350 0.000706
0.002792 0.000904
0.001853 0.001364
0.001338 0.001261
0.001924 0.001277
0.002127 0.001309
0.000026 0.001420
0.001154 0.001138
0.016057 0.000709
0.008598 0.000428
0.000247 0.001145
0.004886 0.000896
0.001388 0.001601
0.000089 0.001845
0.000022 0.002602
0.000000 0.002632
0.000112 0.002777
0.000001 0.002575
0.000045 0.001778
0.000072 0.001709
0.000658 0.001967
0.003797 0.002003
0.006225 0.001499
0.000261 0.001749
0.013049 0.001229
0.011936 0.000962
0.001430 0.002336
0.001126 0.001249
0.001924 0.002422
0.000059 0.002993
0.000000 0.002617
0.000000 0.002756
0.000166 0.002079
0.000280 0.001311
0.000013 0.003098
0.000001 0.003769
0.000000 0.003095
0.000028 0.002921
0.000232 0.003123
0.000000 0.001733
0.000000 0.003136
0.000000 0.002511
0.000000 0.002678
0.000021 0.002714
0.000426 0.001625
0.001518 0.001260
0.001476 0.002789
0.000021 0.002342
0.001634 0.002497
0.000007 0.003103
0.000000 0.002570
0.012753 0.001571
0.005908 0.001148
0.000010 0.001530
0.000028 0.002378
0.000246 0.002533
0.000039 0.002061
0.002767 0.002431
0.001054 0.002368
0.000000 0.002559
0.000210 0.001875
0.000000 0.002692
0.000000 0.003295
0.000023 0.003593
0.003357 0.003139
0.000000 0.002176
0.002940 0.002752
0.004394 0.000730
0.004370 0.000580
0.005062 0.001431
0.000960 0.000711
0.000415 0.001580
0.003861 0.001340
0.006175 0.001330
0.009650 0.001350
0.000000 0.002391
0.003893 0.001947
0.000165 0.003154
0.000004 0.003002
0.000000 0.003359
0.000251 0.003412
0.010773 0.002448
0.004593 0.002346
0.003884 0.002554
0.000060 0.003383
0.001601 0.002103
0.007333 0.001848
0.007064 0.002545
0.001450 0.002612
0.000860 0.002395
0.000215 0.002999
0.018438 0.001965
0.000152 0.002464
0.001028 0.002385
0.003643 0.003175
0.001678 0.003080
0.005400 0.001345
0.001006 0.002206
0.000241 0.002091
0.000004 0.002233
0.003401 0.002769
0.000000 0.002827
0.001458 0.001580
0.000564 0.003075
0.000485 0.002253
0.000156 0.003146
0.000909 0.004799
0.015274 0.002411
0.000037 0.003013
0.000777 0.002484
0.000494 0.002384
0.002135 0.001566
0.000292 0.002750
0.012797 0.002173
0.000004 0.003121
0.002732 0.002043
0.000251 0.001990
0.000803 0.002431
0.000036 0.002580
0.000000 0.002300
0.003414 0.001497
0.004514 0.001964
0.000161 0.001952
0.000205 0.002155
0.000157 0.002956
0.002080 0.003286
0.000153 0.003573
0.002260 0.002103
0.009784 0.001887
0.000867 0.001199
0.000358 0.002206
0.000214 0.002893
0.000000 0.001735
0.000000 0.002899
0.000011 0.003083
0.000031 0.002756
0.000000 0.002055
0.008676 0.001187
0.013776 0.001446
0.000319 0.002567
0.000139 0.001844
0.002270 0.001588
0.000132 0.002605
0.001977 0.000686
0.000032 0.002717
0.012811 0.001793
0.000655 0.001141
0.000000 0.002373
0.000011 0.002444
0.000042 0.002439
0.000921 0.002072
0.000100 0.001910
0.006379 0.001165
0.000116 0.001371
0.000039 0.001240
0.000009 0.002106
0.000001 0.001696
0.004553 0.001588
0.002052 0.001464
0.000068 0.001547
0.000001 0.002180
0.000001 0.001917
0.002641 0.001510
0.000805 0.000465
0.004603 0.001099
0.000073 0.001273
0.000031 0.001694
0.000850 0.001276
0.000031 0.000992
0.000010 0.001131
0.010647 0.000956
0.000059 0.001534
0.000001 0.001519
0.003433 0.001764
0.000103 0.001543
0.000847 0.000715
0.000073 0.001508
0.000327 0.001474
0.000148 0.001918
0.000039 0.001164
0.000637 0.000667
0.000066 0.000865
0.000018 0.000878
0.000000 0.000929
0.000000 0.001388
0.000018 0.001184
0.001187 0.000667
0.000984 0.000655
0.002934 0.000525
0.004622 0.000490
0.003103 0.000302
0.007963 0.000566
0.010348 0.000492
0.007056 0.000438
0.000855 0.000357
0.005260 0.000423
0.006979 0.000747
0.000090 0.000655
0.004725 0.000637
0.004846 0.000342
0.003874 0.000187
0.009011 0.000288
0.007618 0.000424
0.001252 0.000225
0.000069 0.000176
0.000002 0.000680
0.000381 0.000946
0.000003 0.000602
0.000005 0.000153
0.000171 0.000232
0.004171 0.000105
0.000031 0.000313
0.000036 0.000355
0.000367 0.000109
0.019021 0.000186
0.011071 0.000598
0.023416 0.000429
0.014109 0.000273
0.001921 0.000160
0.001514 0.000057
0.007636 0.000138
0.011764 0.000162
0.000035 0.000187
0.005608 0.000103
0.000064 0.000399
0.000158 0.000519
0.001083 0.000567
0.000398 0.000274
0.000048 0.000037
0.000088 0.000026
0.000091 0.000005
0.066806 0.000131
0.012794 0.000244
0.000034 0.000012
0.000129 0.000012
0.000073 0.000009
0.001553 0.000003
0.000445 0.000137
0.000029 0.000020
0.000083 0.000029
0.000002 0.000396
0.000003 0.000461
0.000421 0.000009
0.000038 0.000017
0.000001 0.000021
0.000050 0.000000
0.002184 0.000000
0.000094 0.000449
0.000085 0.000120
0.000056 0.000130
0.000007 0.000295
0.000035 0.000263
0.000506 0.000004
0.001347 0.000000
0.000036 0.000030
0.001090 0.000060
0.000158 0.000014
0.000264 0.000015
0.000002 0.000112
0.000003 0.000031
0.000444 0.000198
0.001788 0.000221
0.001249 0.000390
0.011924 0.000550
0.004445 0.000614
0.002154 0.000800
0.000237 0.000709
0.000007 0.000060
0.000063 0.000048
0.000010 0.000157
0.000000 0.000513
0.007572 0.000769
0.004185 0.000249
0.000066 0.000153
0.000088 0.000626
0.000000 0.000546
0.000670 0.000033
0.001175 0.000091
0.000068 0.000000
0.001709 0.000016
0.000516 0.000345
0.000211 0.000519
0.000065 0.000939
0.003380 0.000404
0.000008 0.000595
0.008543 0.000083
0.003296 0.000004
0.000083 0.000000
0.000006 0.000004
0.000002 0.000091
0.000042 0.000021
0.000015 0.000003
0.000056 0.000001
0.000059 0.000045
0.000033 0.000044
0.000030 0.000221
0.000001 0.000377
0.000002 0.000264
0.001923 0.000141
0.003606 0.000020
0.000107 0.000023
0.000209 0.000057
0.003511 0.000178
0.000152 0.000057
0.000224 0.000566
0.006501 0.000780
0.001171 0.000367
0.000009 0.000142
0.011696 0.000213
0.008583 0.000160
0.001161 0.000244
0.001578 0.000372
0.006223 0.000320
0.014705 0.000216
0.002052 0.000626
0.000072 0.000413
0.000001 0.000459
0.000085 0.000266
0.000006 0.000777
0.000032 0.000330
0.000167 0.000602
0.000033 0.000707
0.000237 0.001185
0.003058 0.000839
0.014122 0.001262
0.015531 0.000198
0.003294 0.000555
0.001620 0.000728
0.002651 0.000722
0.003716 0.000520
0.000032 0.000559
0.000161 0.000663
0.000658 0.000984
0.015234 0.000503
0.000525 0.000405
0.000341 0.000498
0.000327 0.000462
0.003513 0.000814
0.003062 0.001096
0.000003 0.001362
0.000089 0.000485
0.002326 0.000496
0.000003 0.000785
0.000260 0.001173
0.000000 0.001988
0.000011 0.001308
0.000688 0.001261
0.007996 0.000541
0.005955 0.000626
0.001721 0.001334
0.000536 0.001450
0.001914 0.001441
0.030901 0.000582
0.000038 0.000970
0.000007 0.001396
0.000000 0.001776
0.000001 0.001752
0.000000 0.001307
0.000330 0.000744
0.001423 0.000597
0.003729 0.001186
0.000597 0.001665
0.003228 0.001235
0.000002 0.001843
0.000006 0.001868
0.000002 0.002306
0.000000 0.002110
0.000000 0.002057
0.000000 0.001507
0.000000 0.002327
0.000061 0.002037
0.000001 0.002135
0.000007 0.001694
0.000000 0.002415
0.000003 0.001842
0.000340 0.001378
0.000033 0.002343
0.001401 0.001199
0.000205 0.001483
0.000023 0.001871
0.000000 0.001675
0.000001 0.002531
0.002750 0.001679
0.000000 0.001724
0.002065 0.002689
0.001721 0.002037
0.006432 0.001412
0.000043 0.001965
0.000419 0.001665
0.000017 0.001556
0.000000 0.001446
0.000000 0.002286
0.000051 0.001784
0.000001 0.001538
0.000000 0.003266
0.000000 0.003154
0.000001 0.003105
0.000520 0.002124
0.000062 0.001805
0.000000 0.002258
0.000000 0.002863
0.000001 0.002439
0.000000 0.002945
0.000988 0.001568
0.000594 0.001734
0.000082 0.003405
0.001763 0.001297
0.000065 0.002304
0.000000 0.002112
0.000395 0.003145
0.005048 0.001469
0.004065 0.001567
0.000007 0.002152
0.002580 0.002224
0.000290 0.003427
0.000029 0.003657
0.000000 0.004945
0.000000 0.005028
0.000633 0.003003
0.000076 0.002709
0.000498 0.001314
0.000363 0.002507
0.000003 0.004308
0.003881 0.002804
0.000011 0.002326
0.000065 0.003332
0.001075 0.003245
0.025980 0.001381
0.056743 0.001124
0.001351 0.003263
0.007421 0.001476
0.002277 0.002646
0.002026 0.001797
0.000624 0.002438
0.000002 0.002894
0.000003 0.002243
0.000190 0.002572
0.001254 0.003137
0.000001 0.002533
0.000000 0.004958
0.000000 0.005062
0.000007 0.003890
0.000486 0.002903
0.000797 0.001889
0.000379 0.002073
0.000533 0.002723
0.000002 0.003562
0.000000 0.003590
0.007848 0.002158
0.003915 0.000708
0.036055 0.001576
0.024547 0.000605
0.001451 0.000656
0.000001 0.002762
0.000119 0.003282
0.003934 0.003282
0.018816 0.000768
0.001404 0.001855
0.000574 0.002080
0.000331 0.001812
0.000000 0.003900
0.000980 0.002299
0.008160 0.001571
0.000497 0.001851
0.000000 0.003069
0.001287 0.002912
0.000961 0.003009
0.004139 0.001534
0.000000 0.003673
0.000000 0.004831
0.000000 0.004351
0.002714 0.001623
0.000675 0.001797
0.002387 0.001784
0.011092 0.001728
0.013111 0.001283
0.000429 0.002341
0.000534 0.001714
0.003616 0.001975
0.000863 0.002270
0.000210 0.002271
0.002655 0.002560
0.001782 0.002367
0.002931 0.002412
0.000190 0.002002
0.003751 0.001941
0.002648 0.002307
0.001503 0.002320
0.003089 0.002378
0.003201 0.001672
0.000393 0.002558
0.000073 0.001919
0.000001 0.002501
0.000224 0.003110
0.001872 0.001897
0.001381 0.001653
0.000318 0.002497
0.011468 0.001502
0.000578 0.002813
0.000926 0.002363
0.008746 0.003036
0.001047 0.001963
0.000162 0.002566
0.000000 0.002321
0.000116 0.001810
0.000410 0.001120
0.000017 0.001479
0.000356 0.002151
0.002331 0.001539
0.000089 0.001794
0.000001 0.001864
0.000292 0.001912
0.000001 0.001406
0.000000 0.001845
0.000038 0.001812
0.000162 0.001674
0.000003 0.002077
0.000002 0.001746
0.008300 0.000946
0.000608 0.001193
0.000047 0.001746
0.003688 0.000885
0.004195 0.001516
0.000649 0.001215
0.004468 0.000973
0.004537 0.001531
0.010525 0.001735
0.003546 0.000998
0.001865 0.001607
0.004944 0.001261
0.002148 0.000999
0.001378 0.000903
0.003628 0.000800
0.000070 0.001418
0.000403 0.000788
0.000589 0.000696
0.000371 0.000892
0.000000 0.001012
0.001974 0.001140
0.000882 0.000544
0.000004 0.000686
0.005359 0.000978
0.001013 0.001201
0.004145 0.001227
0.001487 0.000920
0.001058 0.000542
0.000078 0.001773
0.000482 0.001605
0.011722 0.000920
0.000078 0.001347
0.000229 0.001005
0.000026 0.001008
0.000003 0.000720
0.000494 0.000752
0.000549 0.001087
0.004967 0.001017
0.000297 0.001109
0.001635 0.001020
0.000233 0.000770
0.001271 0.001051
0.001548 0.000691
0.002632 0.001272
0.002980 0.000413
0.015484 0.000306
0.001948 0.000329
0.001873 0.000588
0.000047 0.000771
0.000639 0.000362
0.001018 0.000544
0.000020 0.000782
0.000010 0.000647
0.000001 0.000531
0.000009 0.001241
0.000062 0.000761
0.001559 0.000229
0.000099 0.000427
0.000890 0.000697
0.000124 0.000231
0.000102 0.000314
0.000008 0.000270
0.000030 0.000371
0.000366 0.000264
0.000421 0.000424
0.000532 0.000176
0.000815 0.000822
0.000012 0.000697
0.000001 0.000238
0.000018 0.000545
0.000253 0.000378
0.000065 0.000152
0.000710 0.000046
0.000027 0.000411
0.000155 0.000436
0.000000 0.000578
0.007723 0.000134
0.005216 0.000000
0.001886 0.000019
0.036146 0.000131
0.000247 0.000075
0.000044 0.000071
0.000046 0.000325
0.000869 0.000322
0.000078 0.000411
0.017347 0.000285
0.000431 0.000314
0.019361 0.000408
0.000026 0.000274
0.000090 0.000073
0.000038 0.000131
0.000028 0.000054
0.000002 0.000526
0.003346 0.000837
0.000081 0.000671
0.000000 0.000582
0.000003 0.000257
0.000410 0.000018
0.000648 0.000004
0.000988 0.000033
0.000671 0.000173
0.002964 0.000057
0.001553 0.000106
0.000579 0.000100
0.001066 0.000150
0.000136 0.000022
0.000026 0.000005
0.000003 0.000052
0.000021 0.000020
0.000069 0.000000
0.000047 0.000380
0.003020 0.000441
0.030602 0.000070
0.000492 0.000006
0.000262 0.000268
0.000022 0.000215
0.004260 0.000002
0.003568 0.000068
0.000123 0.000411
