# Generated by from get_rainpet.bsh start_date=2010-01-01 end_date=2017-12-31
# dt [h]: Time step
24

################################################################################
# R [m/dt]:  Rainfall
# Ep [m/dt]: Potential evapotranspiration

# R Ep
0.001535 0.000095
0.001809 0.000158
0.000177 0.000023
0.000517 0.000014
0.006755 0.000059
0.001303 0.000122
0.000112 0.000007
0.000160 0.000020
0.000208 0.000012
0.000846 0.000601
0.001966 0.000258
0.001279 0.000265
0.003213 0.000177
0.004284 0.000000
0.033939 0.000152
0.004524 0.000184
0.007801 0.000063
0.000238 0.000023
0.000546 0.000058
0.000072 0.000259
0.011770 0.000335
0.000195 0.000020
0.004510 0.000005
0.001492 0.000019
0.000120 0.000129
0.000282 0.000159
0.000223 0.000400
0.002884 0.000249
0.000097 0.000409
0.000047 0.000387
0.000004 0.000337
0.006482 0.000301
0.002225 0.000148
0.000598 0.000138
0.001031 0.000111
0.004582 0.000180
0.000752 0.000038
0.001930 0.000003
0.001023 0.000233
0.000349 0.000382
0.000131 0.000364
0.000398 0.000238
0.001457 0.000263
0.000127 0.000229
0.000606 0.000114
0.003209 0.000148
0.000218 0.000116
0.000167 0.000166
0.000081 0.000138
0.000069 0.000198
0.000010 0.000292
0.000012 0.000220
0.000054 0.000311
0.002142 0.000376
0.006958 0.000227
0.010070 0.000182
0.009608 0.000164
0.004867 0.000418
0.001348 0.000518
0.000064 0.000664
0.000217 0.000685
0.000010 0.000517
0.000022 0.000627
0.000021 0.000632
0.000002 0.000531
0.000005 0.000577
0.000085 0.000502
0.000060 0.000667
0.000001 0.000856
0.000116 0.000838
0.000017 0.000851
0.000000 0.001079
0.000103 0.001206
0.000821 0.001089
0.000517 0.000865
0.001047 0.001102
0.008160 0.001271
0.003358 0.001700
0.001127 0.000876
0.011159 0.000868
0.009309 0.000980
0.002650 0.000604
0.006951 0.000604
0.023980 0.000505
0.014142 0.000712
0.000523 0.001553
0.007451 0.001220
0.023845 0.000681
0.032229 0.000201
0.009337 0.000726
0.000215 0.001559
0.005794 0.001132
0.001236 0.000847
0.015202 0.001101
0.012906 0.001073
0.013488 0.001192
0.000354 0.001684
0.000177 0.001512
0.000004 0.001254
0.000088 0.002072
0.000000 0.002217
0.000002 0.002155
0.000009 0.001501
0.000001 0.001890
0.000000 0.001411
0.000000 0.002540
0.000012 0.002257
0.002051 0.001159
0.000610 0.001502
0.000313 0.002339
0.000000 0.002297
0.000000 0.001855
0.000087 0.001136
0.000841 0.002111
0.002101 0.001350
0.000017 0.002268
0.002084 0.001467
0.000642 0.002047
0.000307 0.001677
0.004654 0.001767
0.000262 0.001276
0.000030 0.001514
0.000013 0.001959
0.000330 0.001752
0.004171 0.001392
0.000898 0.001296
0.000010 0.002333
0.000066 0.002298
0.000978 0.001938
0.000026 0.001638
0.000056 0.001972
0.001149 0.002228
0.010906 0.001987
0.001456 0.001806
0.001096 0.002834
0.000355 0.002311
0.000020 0.002538
0.001073 0.003451
0.000137 0.001761
0.000135 0.002216
0.000037 0.003227
0.000000 0.004333
0.000000 0.003667
0.000077 0.002741
0.000551 0.002348
0.001350 0.002143
0.002771 0.002047
0.000175 0.002716
0.002979 0.001596
0.000377 0.002277
0.003014 0.003231
0.000936 0.001701
0.000001 0.003220
0.000000 0.003957
0.000000 0.003639
0.000942 0.003191
0.001340 0.000694
0.011779 0.001472
0.003784 0.000638
0.000072 0.001207
0.000000 0.001946
0.000000 0.002203
0.000070 0.002873
0.003986 0.001472
0.000002 0.002037
0.000002 0.002911
0.000005 0.003202
0.000087 0.003354
0.000175 0.003132
0.000000 0.003253
0.000000 0.003321
0.000000 0.003285
0.000000 0.004400
0.000433 0.002686
0.000002 0.002745
0.000000 0.002682
0.000002 0.002986
0.000003 0.003579
0.002963 0.003069
0.000001 0.003112
0.000279 0.003440
0.024164 0.002044
0.000359 0.003568
0.007821 0.003503
0.011497 0.002424
0.000520 0.002987
0.010790 0.002045
0.000012 0.003316
0.001092 0.002947
0.016809 0.001860
0.015861 0.001389
0.000320 0.002482
0.001159 0.002049
0.016248 0.002395
0.023292 0.001266
0.019185 0.001678
0.002212 0.002276
0.004046 0.002580
0.007505 0.001908
0.008538 0.001461
0.014913 0.002022
0.001827 0.001653
0.000093 0.002045
0.000000 0.002936
0.000377 0.001767
0.000013 0.001812
0.002102 0.001554
0.000658 0.002427
0.000291 0.001740
0.000199 0.002193
0.001078 0.001421
0.002556 0.001769
0.004180 0.001694
0.001492 0.001588
0.000239 0.001878
0.000006 0.002067
0.000471 0.002143
0.004664 0.001207
0.000140 0.001573
0.000338 0.002121
0.006603 0.001638
0.006798 0.001767
0.001959 0.001633
0.005342 0.002019
0.000149 0.001873
0.000005 0.002113
0.000003 0.002710
0.007447 0.001440
0.000039 0.001657
0.001751 0.001985
0.016110 0.002216
0.008610 0.001781
0.000428 0.002536
0.003192 0.002516
0.006247 0.001000
0.002257 0.001586
0.000045 0.001770
0.000014 0.001709
0.000324 0.001848
0.000910 0.001528
0.000354 0.002415
0.000048 0.002222
0.000002 0.002154
0.000346 0.001543
0.000053 0.002080
0.000011 0.002065
0.000144 0.001734
0.000434 0.001966
0.020494 0.002458
0.004416 0.001289
0.003034 0.001373
0.002482 0.001492
0.009587 0.001156
0.000227 0.001393
0.003501 0.001722
0.017546 0.000901
0.011063 0.001818
0.000178 0.001849
0.000011 0.001789
0.000019 0.001717
0.005401 0.001064
0.006722 0.000578
0.000893 0.001003
0.000067 0.000889
0.020223 0.000900
0.005520 0.000680
0.000098 0.001421
0.000009 0.001273
0.000408 0.000953
0.001327 0.000166
0.014147 0.000563
0.009999 0.000450
0.001256 0.000804
0.016463 0.000645
0.005696 0.000901
0.001317 0.000580
0.006600 0.001150
0.012886 0.001302
0.002501 0.000991
0.000318 0.000907
0.000011 0.000585
0.000002 0.000822
0.000001 0.000899
0.000070 0.000560
0.000144 0.000350
0.000018 0.000280
0.000010 0.000245
0.000622 0.000618
0.000082 0.000463
0.000287 0.000502
0.002132 0.000863
0.000396 0.000600
0.005556 0.000689
0.004536 0.000625
0.013062 0.000323
0.001739 0.000435
0.000100 0.000420
0.007834 0.000462
0.005899 0.000349
0.004398 0.000971
0.010310 0.000640
0.002656 0.000900
0.000358 0.000504
0.000007 0.000156
0.015600 0.000207
0.014644 0.000713
0.012461 0.000668
0.007730 0.000118
0.002561 0.000268
0.003391 0.000095
0.019205 0.000280
0.014697 0.000604
0.002086 0.000586
0.014032 0.000251
0.029317 0.000617
0.004594 0.000936
0.010034 0.000280
0.006763 0.000050
0.004109 0.000048
0.000256 0.000094
0.006213 0.000752
0.004883 0.000504
0.000485 0.000013
0.002416 0.000056
0.003315 0.000144
0.002844 0.000030
0.000014 0.000057
0.000275 0.000120
0.000095 0.000318
0.003224 0.000064
0.002119 0.000080
0.004387 0.000073
0.007253 0.000063
0.004742 0.000195
0.006776 0.000135
0.001828 0.000014
0.001413 0.000006
0.000031 0.000000
0.000029 0.000021
0.003144 0.000002
0.000014 0.000002
0.000000 0.000018
0.000680 0.000159
0.000499 0.000298
0.000002 0.000256
0.000012 0.000006
0.000059 0.000008
0.000316 0.000007
0.004592 0.000038
0.002228 0.000219
0.000807 0.000235
0.001583 0.000037
0.002305 0.000000
0.000000 0.000004
0.000004 0.000000
0.002090 0.000008
0.000361 0.000005
0.000193 0.000020
0.000520 0.000001
0.009286 0.000007
0.012026 0.000006
0.004589 0.000000
0.002845 0.000000
0.000330 0.000000
0.001086 0.000000
0.000002 0.000155
0.000028 0.000162
0.002397 0.000295
0.018531 0.000171
0.003430 0.000057
0.000374 0.000093
0.007465 0.000048
0.000856 0.000032
0.003159 0.000114
0.029043 0.000038
0.004526 0.000054
0.007413 0.000000
0.004352 0.000000
0.013650 0.000141
0.044048 0.000320
0.000013 0.000527
0.000091 0.000149
0.000135 0.000064
0.000026 0.000066
0.000090 0.000017
0.000185 0.000009
0.000041 0.000034
0.000007 0.000161
0.000413 0.000312
0.000486 0.000214
0.001564 0.000337
0.000189 0.000126
0.000018 0.000084
0.000946 0.000021
0.000632 0.000164
0.004964 0.000215
0.004356 0.000388
0.011063 0.000433
0.029641 0.000664
0.037996 0.000472
0.003648 0.000410
0.031836 0.000117
0.007201 0.000318
0.006846 0.000320
0.010568 0.000212
0.000059 0.000226
0.013468 0.000096
0.007879 0.000185
0.008246 0.000215
0.003891 0.000192
0.010697 0.000288
0.000721 0.000256
0.005066 0.000155
0.002588 0.000346
0.003933 0.000293
0.000034 0.000344
0.000270 0.000314
0.005509 0.000234
0.000735 0.000145
0.001131 0.000668
0.000659 0.000743
0.000385 0.000558
0.000019 0.000672
0.000007 0.000553
0.000183 0.000562
0.000014 0.000557
0.000034 0.000201
0.000711 0.000413
0.000030 0.000507
0.000000 0.000713
0.000046 0.000714
0.008575 0.000789
0.014625 0.000926
0.008358 0.001122
0.014058 0.000811
0.013604 0.000121
0.001226 0.000521
0.004448 0.000760
0.014434 0.000111
0.000348 0.000672
0.000711 0.000621
0.000020 0.001155
0.001002 0.001022
0.000580 0.000758
0.000009 0.001404
0.000098 0.001020
0.000086 0.001122
0.000014 0.001335
0.000000 0.000937
0.000088 0.000789
0.000019 0.001100
0.000000 0.001068
0.005600 0.000965
0.011969 0.000620
0.005010 0.001318
0.012629 0.001136
0.001727 0.001653
0.001836 0.001580
0.018107 0.001108
0.021951 0.001392
0.001937 0.001771
0.000001 0.002179
0.000002 0.002139
0.000000 0.002332
0.000127 0.002579
0.001380 0.001584
0.001722 0.002235
0.001021 0.001051
0.000316 0.001184
0.000337 0.001208
0.000001 0.001673
0.000000 0.002655
0.000249 0.001612
0.000001 0.002122
0.000000 0.002376
0.000090 0.002096
0.001540 0.002510
0.004010 0.001403
0.000000 0.002200
0.000000 0.002118
0.000001 0.002319
0.000000 0.002854
0.000000 0.002874
0.000000 0.002239
0.000000 0.003908
0.000000 0.003988
0.000000 0.003195
0.000083 0.003008
0.000001 0.003308
0.010251 0.001553
0.026762 0.001774
0.017827 0.001657
0.003768 0.002086
0.011522 0.002600
0.008936 0.002047
0.003626 0.002208
0.002596 0.002119
0.003521 0.002090
0.000356 0.002028
0.001941 0.001325
0.003002 0.001473
0.002916 0.001599
0.003149 0.002455
0.002167 0.002718
0.000387 0.002651
0.029393 0.001790
0.023688 0.002633
0.013601 0.002112
0.002714 0.003113
0.001602 0.001797
0.001807 0.001385
0.002932 0.002031
0.003733 0.002510
0.000600 0.002778
0.000687 0.002389
0.000806 0.003122
0.000027 0.002028
0.000017 0.003838
0.000000 0.004883
0.000138 0.001722
0.000053 0.001643
0.000112 0.002357
0.006047 0.001784
0.007133 0.001772
0.002895 0.002527
0.008435 0.002620
0.004844 0.001513
0.009016 0.002208
0.000103 0.002032
0.000759 0.003750
0.000179 0.001862
0.001398 0.002633
0.003491 0.001896
0.014629 0.001344
0.004717 0.001984
0.003506 0.002553
0.009181 0.001236
0.009381 0.001611
0.002963 0.002015
0.002765 0.002389
0.002843 0.001678
0.000211 0.002091
0.000275 0.001838
0.000155 0.003528
0.004096 0.002917
0.000713 0.002534
0.000012 0.002719
0.000000 0.003000
0.000000 0.004104
0.000001 0.003643
0.012581 0.002205
0.008932 0.001661
0.001576 0.002250
0.006641 0.002157
0.003014 0.002345
0.000605 0.001959
0.001531 0.002344
0.000002 0.002121
0.000012 0.003345
0.000000 0.003497
0.023376 0.002278
0.040561 0.001655
0.004198 0.001887
0.000602 0.001623
0.024046 0.001744
0.000914 0.001525
0.004329 0.001967
0.000019 0.001862
0.000000 0.002889
0.000000 0.003654
0.000060 0.002505
0.000008 0.002553
0.000062 0.002899
0.006554 0.001498
0.000090 0.002397
0.000008 0.002919
0.003752 0.001732
0.018658 0.001378
0.007732 0.001431
0.001846 0.002490
0.007390 0.001375
0.000015 0.002599
0.017872 0.001308
0.004390 0.001273
0.000088 0.002225
0.009183 0.002854
0.021307 0.000476
0.009658 0.001070
0.009311 0.001145
0.003983 0.001642
0.000524 0.002134
0.004512 0.002247
0.006897 0.001357
0.000510 0.002209
0.011127 0.001287
0.003202 0.001953
0.003846 0.002325
0.000646 0.002032
0.000002 0.001670
0.000431 0.001501
0.004750 0.001628
0.000402 0.001774
0.006876 0.001124
0.002136 0.001311
0.005499 0.001576
0.000005 0.001655
0.000354 0.001250
0.000001 0.001015
0.003680 0.001337
0.006765 0.001448
0.004923 0.000989
0.001747 0.001604
0.016942 0.001186
0.011508 0.001538
0.007242 0.001577
0.004428 0.001608
0.007894 0.000841
0.009896 0.001184
0.019687 0.001388
0.009392 0.001501
0.004658 0.001718
0.000183 0.001773
0.000119 0.001424
0.017389 0.000711
0.006639 0.000946
0.003718 0.000830
0.007045 0.000919
0.001027 0.001319
0.010981 0.001312
0.000248 0.001583
0.007352 0.001143
0.000183 0.001294
0.008976 0.001071
0.000021 0.001442
0.000103 0.000980
0.000012 0.001891
0.000287 0.001318
0.000040 0.001494
0.023052 0.000632
0.003377 0.000169
0.001334 0.001103
0.003123 0.001364
0.015762 0.001020
0.012214 0.001135
0.001052 0.001236
0.010634 0.000204
0.006342 0.000652
0.001130 0.000718
0.012313 0.000771
0.001497 0.000372
0.000158 0.000402
0.003655 0.000580
0.002137 0.000811
0.004040 0.000742
0.040843 0.000728
0.005899 0.000933
0.000091 0.000844
0.008838 0.000453
0.005998 0.000583
0.005404 0.001080
0.001924 0.000933
0.004861 0.001219
0.002008 0.000618
0.009708 0.000334
0.000149 0.000353
0.001259 0.000599
0.011174 0.000552
0.007839 0.000622
0.006488 0.000513
0.000163 0.000381
0.006469 0.000638
0.002481 0.000425
0.001560 0.000146
0.000162 0.000072
0.000167 0.000108
0.000884 0.000051
0.000544 0.000157
0.004271 0.000355
0.000189 0.000211
0.014580 0.000413
0.000553 0.000180
0.000039 0.000093
0.000108 0.000234
0.000003 0.000246
0.001905 0.000150
0.017098 0.000345
0.002178 0.000523
0.000005 0.000187
0.001756 0.000055
0.004915 0.000054
0.000145 0.000075
0.009299 0.000529
0.013793 0.000606
0.008580 0.000580
0.023325 0.000653
0.000508 0.000787
0.024883 0.000574
0.024288 0.000615
0.039065 0.000666
0.001805 0.000264
0.005653 0.000206
0.009137 0.000654
0.004870 0.000294
0.005021 0.000171
0.012980 0.000187
0.020893 0.000493
0.011807 0.000795
0.001881 0.000434
0.005648 0.000075
0.003087 0.000108
0.012599 0.000263
0.007987 0.000837
0.000769 0.000579
0.003923 0.000006
0.003854 0.000001
0.000216 0.000098
0.000340 0.000078
0.006725 0.000025
0.007896 0.000307
0.001978 0.000008
0.006533 0.000362
0.001387 0.000306
0.009169 0.000464
0.002180 0.000647
0.003988 0.000873
0.011943 0.000301
0.011748 0.000942
0.006392 0.000570
0.012407 0.000226
0.008654 0.000240
0.000912 0.000505
0.021599 0.000494
0.009190 0.000690
0.028085 0.000558
0.000152 0.000691
0.003535 0.000306
0.000259 0.000836
0.002538 0.000402
0.000136 0.000324
0.000688 0.000490
0.002345 0.000357
0.000106 0.000598
0.000008 0.000027
0.000140 0.000011
0.000008 0.000040
0.000180 0.000051
0.004655 0.000132
0.004473 0.000464
0.008629 0.000446
0.006318 0.000293
0.007708 0.000975
0.000249 0.000657
0.003860 0.000331
0.006248 0.000038
0.009048 0.000489
0.002615 0.000113
0.000701 0.000103
0.000067 0.000029
0.000143 0.000089
0.000053 0.000241
0.000227 0.000503
0.000050 0.000420
0.000011 0.000218
0.000004 0.000229
0.006910 0.000179
0.000657 0.000105
0.000004 0.000109
0.000180 0.000134
0.001450 0.000471
0.001978 0.000016
0.000121 0.000071
0.000311 0.000165
0.000147 0.000130
0.000013 0.000548
0.000002 0.000846
0.000001 0.000916
0.000974 0.000653
0.010773 0.000501
0.000807 0.000792
0.001246 0.000717
0.008055 0.000567
0.012165 0.000535
0.006016 0.000687
0.002133 0.000760
0.000186 0.001141
0.001818 0.000744
0.002727 0.000450
0.001192 0.000544
0.000004 0.000586
0.000018 0.000670
0.001768 0.000647
0.001890 0.000490
0.011186 0.000620
0.000957 0.000569
0.000008 0.000882
0.008739 0.000683
0.003771 0.000991
0.000672 0.000819
0.001073 0.001076
0.000002 0.000967
0.000008 0.001090
0.000008 0.000811
0.000000 0.000648
0.000000 0.000736
0.001243 0.000781
0.005847 0.000764
0.000066 0.001067
0.000152 0.001194
0.001204 0.001075
0.000006 0.001393
0.000020 0.001461
0.000083 0.001500
0.000000 0.000872
0.000001 0.001078
0.000063 0.001737
0.000083 0.002035
0.000060 0.002150
0.000001 0.002192
0.000000 0.002304
0.000111 0.002053
0.000002 0.001369
0.000000 0.001392
0.008578 0.000360
0.004987 0.000704
0.001239 0.001448
0.000140 0.001360
0.003574 0.000456
0.000144 0.000835
0.001946 0.001010
0.013186 0.000938
0.005275 0.000898
0.007990 0.001088
0.001329 0.001156
0.000398 0.001405
0.000555 0.001551
0.000000 0.001661
0.016901 0.001592
0.004946 0.001366
0.004585 0.001214
0.001233 0.000980
0.004000 0.001170
0.003692 0.001066
0.000895 0.001324
0.001129 0.001355
0.003227 0.001271
0.007820 0.000910
0.005008 0.000666
0.000138 0.001663
0.000017 0.001994
0.003851 0.001455
0.000023 0.001245
0.000232 0.001651
0.000000 0.001744
0.001172 0.001985
0.000193 0.001558
0.000090 0.002085
0.000152 0.002072
0.009882 0.001198
0.002655 0.001910
0.016298 0.002006
0.022099 0.000457
0.004630 0.001318
0.000003 0.002840
0.011814 0.001818
0.003504 0.002233
0.001204 0.002237
0.001707 0.002147
0.005385 0.000578
0.004257 0.000654
0.000003 0.001571
0.000030 0.002870
0.000000 0.002915
0.000000 0.003990
0.000000 0.003956
0.000046 0.003642
0.000000 0.004529
0.000000 0.005327
0.000000 0.004660
0.000010 0.004013
0.000426 0.001953
0.008216 0.001430
0.004828 0.001210
0.000087 0.002364
0.000003 0.001925
0.000114 0.001993
0.000000 0.002663
0.016910 0.001951
0.005593 0.001393
0.012956 0.001381
0.015553 0.000682
0.003326 0.001644
0.005308 0.001690
0.000007 0.001551
0.000291 0.001970
0.000466 0.002190
0.010672 0.002405
0.022796 0.000800
0.021927 0.000568
0.000365 0.001514
0.003206 0.002976
0.000541 0.002962
0.000095 0.003078
0.031851 0.001261
0.020241 0.001414
0.009621 0.001642
0.001220 0.001980
0.000023 0.002247
0.005120 0.002085
0.002973 0.001381
0.015475 0.001483
0.007179 0.001960
0.004040 0.002447
0.004193 0.001586
0.004958 0.000595
0.002343 0.001678
0.009919 0.001569
0.012959 0.002049
0.022614 0.001464
0.000943 0.001636
0.007876 0.001510
0.014335 0.001321
0.013826 0.001224
0.014860 0.001675
0.000313 0.002233
0.000392 0.001665
0.003866 0.001906
0.000496 0.002451
0.000541 0.001739
0.014441 0.002068
0.006036 0.001458
0.002120 0.001856
0.000022 0.001814
0.000024 0.002401
0.010867 0.002143
0.013405 0.001661
0.005440 0.001804
0.000236 0.002726
0.000750 0.001808
0.000237 0.002938
0.008350 0.001916
0.001215 0.002127
0.001501 0.002221
0.012993 0.002718
0.009427 0.001378
0.000269 0.002199
0.000282 0.002227
0.006729 0.002007
0.005947 0.001402
0.006939 0.001676
0.000078 0.002104
0.000000 0.002628
0.000001 0.002552
0.000000 0.003085
0.000000 0.002197
0.001871 0.002019
0.000626 0.001450
0.001914 0.002187
0.014851 0.001625
0.017647 0.002540
0.010325 0.001210
0.000333 0.002141
0.006223 0.001722
0.001431 0.001931
0.001848 0.001605
0.001840 0.002058
0.001631 0.001683
0.001466 0.001149
0.001792 0.001024
0.001171 0.001738
0.023592 0.000673
0.010493 0.002430
0.020088 0.001293
0.000022 0.001876
0.002119 0.001132
0.002453 0.001553
0.000172 0.001972
0.002858 0.001855
0.000009 0.002624
0.000000 0.001919
0.003818 0.001389
0.000438 0.001527
0.000002 0.001713
0.012105 0.001552
0.023141 0.000514
0.005738 0.001604
0.001126 0.001426
0.004694 0.001035
0.000360 0.001909
0.000795 0.001939
0.002272 0.001172
0.009386 0.001231
0.000122 0.001444
0.001357 0.001388
0.033612 0.000628
0.000079 0.001012
0.000086 0.001136
0.008343 0.001043
0.019757 0.000562
0.008835 0.000484
0.003848 0.000863
0.001724 0.000831
0.002963 0.001230
0.015424 0.001454
0.003161 0.001091
0.006856 0.001089
0.020506 0.000806
0.000925 0.000788
0.005719 0.000717
0.000250 0.000681
0.000073 0.000785
0.000151 0.000732
0.000004 0.000602
0.000059 0.000625
0.000735 0.000574
0.048951 0.000421
0.000092 0.000609
0.001720 0.000414
0.002137 0.000323
0.012343 0.000381
0.009000 0.000366
0.032736 0.000287
0.004419 0.000339
0.004507 0.000106
0.000017 0.000315
0.000232 0.000349
0.001517 0.000208
0.000789 0.000026
0.000406 0.000268
0.000383 0.000396
0.000109 0.000568
0.005641 0.000533
0.003362 0.000226
0.000355 0.000197
0.008085 0.000410
0.017625 0.000285
0.004236 0.000157
0.004747 0.000474
0.002191 0.000197
0.000120 0.000129
0.001810 0.000132
0.001392 0.000404
0.006599 0.000702
0.003966 0.000648
0.005394 0.000524
0.000897 0.000223
0.000573 0.000171
0.007603 0.000053
0.015103 0.000473
0.002992 0.000248
0.001665 0.000064
0.001412 0.000197
0.000754 0.000104
0.021839 0.000181
0.013690 0.000469
0.008363 0.000608
0.004331 0.000226
0.034059 0.000397
0.001628 0.000304
0.012071 0.000040
0.012092 0.000070
0.003449 0.000268
0.000204 0.000337
0.000001 0.000174
0.000111 0.000025
0.002888 0.000005
0.000013 0.000094
0.004758 0.000025
0.002938 0.000055
0.000406 0.000058
0.000104 0.000166
0.016895 0.000225
0.000996 0.000300
0.002480 0.000169
0.000016 0.000641
0.000097 0.000105
0.000211 0.000004
0.000910 0.000035
0.000013 0.000086
0.022481 0.000192
0.000877 0.000189
0.003250 0.000018
0.000471 0.000006
0.000039 0.000000
0.016774 0.000366
0.040806 0.000288
0.003107 0.000022
0.029276 0.000067
0.005781 0.000529
0.014106 0.000061
0.002888 0.000050
0.014456 0.000105
0.007858 0.000203
0.012907 0.000310
0.003612 0.000559
0.028505 0.000462
0.007907 0.000541
0.004975 0.000322
0.001948 0.000140
0.000074 0.000519
0.000297 0.000330
0.002661 0.000291
0.003201 0.000143
0.007353 0.000065
0.000397 0.000136
0.000038 0.000023
0.000604 0.000000
0.000063 0.000000
0.000066 0.000104
0.004862 0.000027
0.000640 0.000038
0.000109 0.000003
0.000001 0.000084
0.000016 0.000284
0.000653 0.000570
0.001020 0.000284
0.001733 0.000352
0.005717 0.000347
0.000581 0.000222
0.000112 0.000051
0.000698 0.000112
0.010198 0.000282
0.021623 0.000206
0.003340 0.000542
0.024007 0.000672
0.011597 0.000765
0.017622 0.001140
0.010000 0.000670
0.000625 0.000420
0.002251 0.000387
0.004876 0.000656
0.009576 0.000801
0.008549 0.000538
0.000005 0.000810
0.000010 0.000304
0.003705 0.000345
0.002200 0.000063
0.007754 0.000165
0.000086 0.000594
0.000589 0.000460
0.020355 0.000408
0.000295 0.000391
0.000112 0.000442
0.000316 0.000271
0.000001 0.000510
0.000091 0.000428
0.000118 0.000338
0.000015 0.000461
0.000003 0.000783
0.000001 0.000586
0.000101 0.000416
0.000501 0.000326
0.000017 0.000463
0.000002 0.000479
0.000018 0.000539
0.000057 0.000461
0.000002 0.000728
0.000000 0.000574
0.000000 0.000417
0.000006 0.000625
0.000005 0.000598
0.002702 0.000450
0.001638 0.000261
0.003358 0.000436
0.001886 0.000386
0.002039 0.000813
0.002817 0.000874
0.000005 0.000848
0.000003 0.000900
0.006478 0.000506
0.003958 0.000625
0.009118 0.000128
0.015135 0.000404
0.005810 0.000433
0.009895 0.000465
0.000577 0.000613
0.000357 0.000973
0.002312 0.000756
0.000201 0.000778
0.000280 0.001290
0.000123 0.001166
0.001326 0.000936
0.001887 0.000776
0.000346 0.001016
0.000009 0.001008
0.000003 0.001040
0.000000 0.001093
0.000011 0.001376
0.000150 0.001122
0.000039 0.001658
0.000493 0.001499
0.000138 0.001246
0.000000 0.001470
0.000029 0.000849
0.000008 0.001344
0.000204 0.001543
0.000169 0.000972
0.000156 0.000920
0.000916 0.000831
0.048095 0.001250
0.009321 0.001723
0.010654 0.002178
0.005953 0.002307
0.046103 0.001102
0.002517 0.001772
0.000089 0.002285
0.002166 0.002192
0.006233 0.001537
0.000372 0.001536
0.006182 0.002330
0.003131 0.001794
0.000845 0.001547
0.006103 0.001728
0.000729 0.002199
0.002449 0.001684
0.000850 0.002461
0.000017 0.002762
0.001140 0.002239
0.000785 0.001967
0.012829 0.000852
0.000277 0.001931
0.000985 0.001975
0.000005 0.002051
0.000178 0.003791
0.005741 0.001697
0.008580 0.001847
0.005226 0.001896
0.002314 0.001635
0.006303 0.001495
0.006844 0.002366
0.003084 0.002287
0.001916 0.001631
0.000285 0.002381
0.011330 0.002412
0.013464 0.000583
0.000044 0.001485
0.004220 0.001630
0.000001 0.002150
0.001250 0.002913
0.003327 0.001993
0.000120 0.002667
0.000000 0.003910
0.006225 0.002911
0.020325 0.001673
0.000247 0.001599
0.000725 0.001587
0.000032 0.002282
0.000003 0.002752
0.000049 0.002570
0.000005 0.003297
0.000002 0.003010
0.000000 0.003782
0.000036 0.002237
0.000015 0.003146
0.000000 0.003772
0.000217 0.003450
0.000288 0.002637
0.000001 0.002599
0.005890 0.001921
0.000705 0.002056
0.000001 0.002642
0.010374 0.002348
0.007734 0.002227
0.000002 0.002539
0.000007 0.002353
0.000000 0.002772
0.000008 0.003621
0.008399 0.002326
0.006865 0.002336
0.009870 0.001994
0.002450 0.001755
0.000005 0.002372
0.000075 0.002236
0.000028 0.002896
0.005566 0.001512
0.000729 0.001771
0.000271 0.002258
0.004419 0.002477
0.001497 0.002776
0.007392 0.001250
0.003659 0.002388
0.002008 0.002689
0.000000 0.003474
0.000000 0.003982
0.000000 0.003614
0.000001 0.003743
0.000000 0.004494
0.000000 0.002539
0.000000 0.003045
0.000000 0.003937
0.000000 0.003263
0.000000 0.003753
0.000000 0.003575
0.000089 0.003197
0.000000 0.003675
0.000000 0.004039
0.000000 0.004662
0.000000 0.002670
0.000002 0.002754
0.001061 0.002796
0.024545 0.001638
0.012969 0.002448
0.002532 0.002059
0.000079 0.002975
0.027375 0.003040
0.008191 0.001681
0.009082 0.001978
0.001381 0.002648
0.015236 0.002301
0.006889 0.001683
0.000821 0.003730
0.006202 0.003020
0.008390 0.002629
0.002424 0.001395
0.000003 0.002271
0.000068 0.002136
0.000560 0.002219
0.000137 0.001819
0.001643 0.001751
0.001572 0.002232
0.000726 0.001982
0.000013 0.002095
0.007610 0.002010
0.008453 0.001556
0.003251 0.002221
0.009851 0.001616
0.001011 0.002526
0.000004 0.002210
0.003819 0.001746
0.002755 0.001657
0.000087 0.001448
0.000773 0.001318
0.000738 0.001217
0.000086 0.001867
0.000002 0.002276
0.000326 0.001616
0.000218 0.001446
0.000185 0.001498
0.001751 0.001732
0.000040 0.002362
0.000744 0.001867
0.000007 0.002423
0.000000 0.002254
0.000000 0.002320
0.002136 0.001451
0.037165 0.000597
0.002961 0.001291
0.000390 0.001579
0.002719 0.001119
0.000002 0.001613
0.004590 0.000723
0.003884 0.001029
0.002603 0.000882
0.004963 0.001450
0.019601 0.001294
0.002333 0.001351
0.000485 0.001222
0.005694 0.001386
0.004655 0.000727
0.000076 0.001248
0.000215 0.000979
0.000112 0.001745
0.000435 0.000974
0.000967 0.000289
0.000904 0.000277
0.001774 0.000888
0.000259 0.000755
0.000004 0.001174
0.000000 0.001416
0.000000 0.001161
0.001478 0.001290
0.009859 0.000597
0.013878 0.000555
0.001500 0.000559
0.000273 0.000869
0.002811 0.000882
0.006117 0.000907
0.001744 0.001053
0.000494 0.001258
0.000042 0.001196
0.000003 0.000794
0.000266 0.000706
0.000867 0.000651
0.000549 0.000611
0.000070 0.000412
0.020282 0.000352
0.000821 0.000342
0.017921 0.000338
0.011845 0.000329
0.009962 0.000328
0.034607 0.000343
0.018606 0.000416
0.002171 0.000699
0.007302 0.000568
0.013132 0.000412
0.016616 0.000552
0.008132 0.000818
0.003665 0.000575
0.000230 0.000784
0.011822 0.000527
0.006993 0.000598
0.000118 0.000600
0.025391 0.000212
0.000022 0.000742
0.000203 0.000187
0.008846 0.000139
0.000735 0.000312
0.000901 0.000600
0.001182 0.000309
0.001919 0.000127
0.004451 0.000159
0.002031 0.000307
0.000721 0.000423
0.004122 0.000586
0.000003 0.000788
0.000017 0.000374
0.000205 0.000589
0.005007 0.000012
0.000013 0.000090
0.013094 0.000234
0.003309 0.000588
0.000125 0.000389
0.000110 0.000056
0.000220 0.000029
0.000002 0.000050
0.000194 0.000010
0.000454 0.000117
0.000055 0.000343
0.003665 0.000059
0.000028 0.000638
0.000027 0.000348
0.000006 0.000051
0.000591 0.000213
0.002388 0.000320
0.021322 0.000225
0.002490 0.000800
0.002156 0.000311
0.005454 0.000119
0.014433 0.000508
0.000019 0.000530
0.000741 0.000605
0.003361 0.000439
0.014594 0.000333
0.007077 0.000413
0.028005 0.000655
0.025688 0.000526
0.000455 0.000509
0.005016 0.000346
0.020283 0.000536
0.000405 0.000613
0.032962 0.000487
0.028037 0.000728
0.001116 0.000522
0.050474 0.000313
0.010033 0.000941
0.000052 0.000557
0.026311 0.000085
0.020210 0.000819
0.003006 0.000550
0.042876 0.000227
0.024859 0.000237
0.012654 0.000369
0.020553 0.000238
0.014492 0.000336
0.011835 0.000804
0.003677 0.000272
0.026294 0.000188
0.020235 0.000734
0.010620 0.000806
0.000197 0.000279
0.000156 0.000094
0.004585 0.000204
0.000328 0.000093
0.005045 0.000193
0.007328 0.000047
0.008132 0.000025
0.018725 0.000088
0.002927 0.000031
0.001078 0.000059
0.012364 0.000191
0.000963 0.000147
0.000378 0.000036
0.012841 0.000342
0.006543 0.000182
0.000827 0.000326
0.006209 0.000178
0.020386 0.000459
0.020901 0.000460
0.008708 0.000319
0.005813 0.000088
0.001453 0.000364
0.000017 0.000320
0.014193 0.000345
0.036356 0.000570
0.002870 0.000678
0.004070 0.000848
0.011908 0.000490
0.010587 0.000456
0.000444 0.000307
0.016651 0.000227
0.020414 0.000586
0.002289 0.000608
0.004288 0.000370
0.001598 0.000507
0.028964 0.000498
0.007040 0.000763
0.025609 0.000339
0.003620 0.000460
0.000379 0.000708
0.008764 0.000103
0.004908 0.000199
0.012589 0.000260
0.006752 0.000614
0.006647 0.000814
0.024699 0.000819
0.034090 0.000947
0.010824 0.000636
0.006929 0.000966
0.019375 0.000823
0.003333 0.000753
0.000686 0.000515
0.012298 0.000589
0.012069 0.000539
0.000375 0.000609
0.000105 0.000761
0.002316 0.000647
0.032397 0.000384
0.001115 0.001034
0.000450 0.001146
0.006361 0.000827
0.000091 0.000865
0.000086 0.001139
0.000128 0.001102
0.000018 0.000595
0.000394 0.000891
0.000110 0.001217
0.000864 0.001496
0.003209 0.001289
0.004591 0.001147
0.003215 0.001753
0.024789 0.001116
0.020629 0.001252
0.001783 0.000933
0.000299 0.001392
0.001099 0.001687
0.000850 0.000875
0.001968 0.001300
0.002114 0.000947
0.006444 0.000930
0.000014 0.001007
0.000001 0.000901
0.010983 0.001015
0.001855 0.000744
0.005144 0.000783
0.007190 0.000362
0.001031 0.000662
0.010606 0.000747
0.008791 0.001286
0.008794 0.000814
0.004420 0.001924
0.000704 0.001328
0.000417 0.001671
0.000321 0.001657
0.000857 0.002018
0.002976 0.001871
0.000090 0.002374
0.000000 0.002444
0.001056 0.002015
0.000239 0.001974
0.000089 0.002582
0.000001 0.002371
0.000000 0.002053
0.000003 0.002445
0.003098 0.000990
0.001678 0.001376
0.001075 0.001943
0.014333 0.000445
0.000285 0.001521
0.005464 0.001300
0.000087 0.001680
0.000166 0.002057
0.012692 0.000840
0.000846 0.000634
0.000085 0.002350
0.000995 0.001686
0.000765 0.001203
0.006131 0.001767
0.003874 0.002214
0.009893 0.001502
0.003139 0.001441
0.006244 0.001764
0.006667 0.001243
0.007357 0.001420
0.005547 0.001636
0.000598 0.002347
0.000224 0.002503
0.000054 0.002128
0.000002 0.002984
0.000001 0.002601
0.000114 0.002620
0.000436 0.002651
0.005679 0.001854
0.000396 0.003323
0.001159 0.000822
0.000376 0.001490
0.004478 0.001626
0.010250 0.001544
0.001160 0.002526
0.000412 0.001770
0.010114 0.000767
0.000002 0.001759
0.000001 0.002730
0.000000 0.003319
0.004022 0.002483
0.001260 0.001847
0.004780 0.002056
0.014956 0.000678
0.000256 0.001648
0.000089 0.003342
0.017152 0.002441
0.000206 0.003179
0.007010 0.002255
0.002324 0.002467
0.001488 0.003311
0.000081 0.002471
0.000420 0.001668
0.006699 0.002116
0.000049 0.001633
0.000000 0.003550
0.000388 0.003164
0.000615 0.003694
0.000086 0.003111
0.000000 0.003267
0.000001 0.002748
0.000000 0.002548
0.000362 0.002615
0.000728 0.002289
0.001041 0.002061
0.000052 0.002631
0.000646 0.002288
0.000288 0.001815
0.000004 0.002416
0.000174 0.002621
0.000023 0.003663
0.003305 0.002312
0.003247 0.002742
0.010299 0.001252
0.001691 0.002572
0.005034 0.002702
0.008221 0.002858
0.001169 0.002106
0.000000 0.003830
0.000000 0.004016
0.000002 0.003628
0.008873 0.002127
0.000013 0.002755
0.005536 0.001887
0.000480 0.003016
0.007883 0.002004
0.000000 0.003510
0.000602 0.002829
0.010304 0.000624
0.000084 0.002412
0.000000 0.003231
0.000000 0.003646
0.000002 0.003437
0.000001 0.004026
0.000000 0.004093
0.004199 0.002891
0.002130 0.002413
0.000051 0.003331
0.001095 0.002446
0.001335 0.002663
0.003990 0.001884
0.002197 0.001615
0.022929 0.001220
0.004949 0.002244
0.000000 0.003034
0.011986 0.002488
0.008217 0.001933
0.000164 0.003081
0.012315 0.001875
0.001689 0.002443
0.012894 0.001075
0.002786 0.002211
0.015250 0.001667
0.000210 0.002228
0.016330 0.001630
0.000229 0.001848
0.003964 0.001816
0.000693 0.002076
0.000163 0.002176
0.000084 0.002272
0.004451 0.001950
0.005002 0.001315
0.001329 0.001722
0.000335 0.001896
0.000001 0.001910
0.000085 0.001713
0.000000 0.002438
0.006624 0.002171
0.018326 0.001956
0.008567 0.001414
0.000157 0.002002
0.002284 0.002158
0.000000 0.001639
0.000055 0.001802
0.000000 0.001231
0.000001 0.001443
0.001486 0.000992
0.000006 0.001305
0.000222 0.001781
0.000054 0.001388
0.000000 0.001197
0.000000 0.001766
0.000055 0.001701
0.000015 0.001212
0.000000 0.001129
0.000566 0.001166
0.002131 0.000355
0.000031 0.000903
0.000175 0.000935
0.000259 0.000769
0.000299 0.000728
0.000169 0.000932
0.000056 0.001166
0.000776 0.001129
0.001870 0.000894
0.000160 0.001351
0.001933 0.001066
0.000001 0.002040
0.000185 0.001300
0.000811 0.000882
0.000000 0.000816
0.005251 0.001094
0.000343 0.001060
0.004770 0.001319
0.081177 0.001001
0.001720 0.000690
0.021126 0.000926
0.003923 0.000893
0.000925 0.000579
0.007868 0.000611
0.006071 0.000385
0.003886 0.000552
0.000673 0.000430
0.000325 0.000448
0.000690 0.000597
0.000018 0.000807
0.004403 0.000702
0.004414 0.000443
0.030725 0.000602
0.029396 0.001173
0.007826 0.001224
0.012371 0.000794
0.000841 0.001179
0.002964 0.000726
0.001975 0.000739
0.001974 0.000712
0.001322 0.001074
0.011382 0.001215
0.022625 0.000753
0.022080 0.000428
0.001344 0.000251
0.002888 0.000062
0.007057 0.000682
0.023890 0.000739
0.009986 0.000659
0.010579 0.000226
0.008548 0.000146
0.001202 0.000183
0.022081 0.000314
0.000413 0.000294
0.009092 0.000238
0.001345 0.000048
0.000396 0.000021
0.011432 0.000320
0.005764 0.000468
0.007312 0.000607
0.019071 0.000307
0.000017 0.000018
0.006793 0.000002
0.002096 0.000169
0.001266 0.000061
0.002175 0.000200
0.000176 0.000010
0.010129 0.000189
0.002401 0.000087
0.000198 0.000050
0.000055 0.000255
0.000485 0.000001
0.002294 0.000000
0.001666 0.000000
0.000794 0.000007
0.001004 0.000041
0.000108 0.000005
0.000933 0.000000
0.000004 0.000078
0.000273 0.000000
0.000024 0.000011
0.000096 0.000063
0.017979 0.000099
0.017245 0.000326
0.002027 0.000181
0.027343 0.000308
0.022262 0.000649
0.009022 0.000426
0.003362 0.000111
0.004031 0.000182
0.005436 0.000492
0.000754 0.000206
0.010268 0.000214
0.003416 0.000179
0.010766 0.000316
0.007235 0.000546
0.001344 0.000576
0.039305 0.000364
0.009996 0.000457
0.004845 0.000158
0.005560 0.000418
0.000039 0.000010
0.000353 0.000000
0.000313 0.000000
0.000016 0.000003
0.000447 0.000003
0.000022 0.000093
0.007296 0.000366
0.039191 0.000462
0.005421 0.000687
0.000095 0.000136
0.000175 0.000067
0.014130 0.000174
0.005181 0.000139
0.025955 0.000454
0.017832 0.000454
0.026876 0.000816
0.017740 0.000578
0.029772 0.000497
0.003717 0.000817
0.000141 0.000408
0.033682 0.000426
0.014425 0.000950
0.002297 0.000445
0.002810 0.000140
0.000663 0.000208
0.000024 0.000051
0.000143 0.000082
0.000336 0.000061
0.000175 0.000015
0.009499 0.000296
0.001016 0.000362
0.007068 0.000338
0.000716 0.000448
0.012798 0.000357
0.007684 0.000421
0.001492 0.000306
0.001862 0.000314
0.000242 0.000616
0.000004 0.000732
0.000002 0.000290
0.000567 0.000245
0.000179 0.000377
0.000001 0.000193
0.000005 0.000082
0.000087 0.000144
0.000084 0.000238
0.000096 0.000335
0.000105 0.000157
0.000182 0.000244
0.000969 0.000319
0.001638 0.000343
0.000147 0.000208
0.010936 0.000473
0.000590 0.000422
0.001730 0.000675
0.011162 0.000673
0.001726 0.000639
0.001234 0.000441
0.000411 0.000504
0.014681 0.000173
0.014490 0.000760
0.002766 0.000862
0.019731 0.000387
0.002482 0.000729
0.005504 0.000806
0.025302 0.000611
0.002618 0.000920
0.004985 0.000831
0.006182 0.000897
0.000351 0.001127
0.000155 0.000993
0.012581 0.001215
0.010474 0.001057
0.000354 0.001054
0.010236 0.000853
0.000079 0.001283
0.014096 0.000783
0.034282 0.000528
0.000233 0.000508
0.000000 0.000750
0.000259 0.000709
0.002075 0.000259
0.000469 0.000479
0.000084 0.000707
0.000006 0.000894
0.000008 0.000935
0.000061 0.001224
0.000865 0.001024
0.000139 0.001246
0.001593 0.000943
0.007867 0.001116
0.000166 0.001003
0.013447 0.001339
0.009791 0.001037
0.005928 0.000938
0.016365 0.001161
0.004590 0.001468
0.002173 0.001229
0.005773 0.001390
0.001673 0.000635
0.000157 0.001114
0.000048 0.001888
0.000093 0.001660
0.000064 0.001648
0.000001 0.001906
0.000106 0.002425
0.003569 0.002227
0.009628 0.001842
0.005517 0.001388
0.000595 0.001210
0.004571 0.001368
0.000147 0.001845
0.000001 0.001983
0.000000 0.001819
0.000179 0.002362
0.000106 0.001467
0.000149 0.001938
0.000000 0.002856
0.000000 0.002852
0.000001 0.002417
0.009854 0.001526
0.000186 0.001726
0.000093 0.002047
0.007254 0.001879
0.012084 0.001753
0.006768 0.001462
0.000270 0.001989
0.000002 0.002030
0.015180 0.001495
0.015015 0.000939
0.005853 0.002527
0.027250 0.001204
0.005511 0.001493
0.000165 0.002421
0.011476 0.001862
0.001971 0.001807
0.013935 0.001405
0.003810 0.002772
0.001744 0.002465
0.000011 0.002372
0.000084 0.002092
0.002549 0.002071
0.001059 0.002948
0.009724 0.002055
0.004773 0.001574
0.000477 0.002140
0.000282 0.002878
0.000211 0.001873
0.000010 0.002219
0.001847 0.003062
0.000119 0.002134
0.000001 0.002311
0.000000 0.002610
0.011034 0.001580
0.002748 0.002742
0.003564 0.002217
0.011460 0.002659
0.001398 0.002156
0.030974 0.001865
0.001080 0.002329
0.000003 0.003311
0.000003 0.002449
0.005247 0.002480
0.006079 0.002718
0.000002 0.003234
0.000022 0.002459
0.000000 0.003337
0.000000 0.004230
0.000000 0.004671
0.000054 0.003393
0.000996 0.001488
0.000057 0.002016
0.001345 0.002118
0.001525 0.001926
0.000022 0.002327
0.000059 0.002065
0.000351 0.001806
0.005254 0.002156
0.003106 0.002154
0.000467 0.001753
0.000204 0.002556
0.001449 0.001610
0.003765 0.001491
0.001889 0.001619
0.008925 0.003304
0.001232 0.002745
0.000849 0.002337
0.000004 0.003277
0.002243 0.003643
0.000439 0.002304
0.021503 0.003825
0.001997 0.002126
0.000253 0.002144
0.023656 0.002143
0.008179 0.002191
0.003482 0.002195
0.000457 0.002887
0.001669 0.002298
0.007695 0.002292
0.005317 0.002583
0.002368 0.001469
0.000020 0.001976
0.000000 0.002925
0.017461 0.002128
0.004134 0.002341
0.015470 0.002904
0.001139 0.002018
0.004251 0.001571
0.006448 0.002106
0.002663 0.002263
0.001487 0.002898
0.005098 0.002025
0.003592 0.002184
0.014994 0.001668
0.013287 0.001201
0.007489 0.001239
0.004111 0.002078
0.001059 0.002410
0.006229 0.001839
0.002936 0.002391
0.002603 0.001732
0.009341 0.002955
0.001326 0.002036
0.011308 0.001772
0.000255 0.002096
0.000280 0.002407
0.001216 0.002617
0.000990 0.001745
0.004972 0.002230
0.000048 0.001946
0.000084 0.002443
0.008196 0.002834
0.006420 0.001051
0.000018 0.002046
0.000004 0.001948
0.000000 0.002593
0.001297 0.001377
0.005921 0.001728
0.009154 0.001942
0.002475 0.001898
0.018067 0.001338
0.005924 0.002728
0.000002 0.001561
0.005274 0.002069
0.005070 0.001816
0.001720 0.001992
0.005891 0.002157
0.000647 0.002092
0.000015 0.001859
0.000045 0.001386
0.001753 0.001387
0.000089 0.001301
0.000154 0.001458
0.000535 0.001390
0.000000 0.002012
0.000055 0.001998
0.000094 0.001677
0.000054 0.001083
0.000001 0.001164
0.000000 0.001939
0.005378 0.002044
0.010592 0.001134
0.000427 0.001309
0.007450 0.000720
0.000033 0.001010
0.000020 0.001271
0.004617 0.000927
0.000049 0.001047
0.000010 0.001264
0.009503 0.000883
0.001639 0.000821
0.000076 0.000994
0.002327 0.000830
0.002476 0.001331
0.000003 0.001425
0.000057 0.000800
0.000101 0.001155
0.000006 0.000983
0.000154 0.001207
0.000061 0.001027
0.000014 0.000997
0.000070 0.000838
0.000006 0.000536
0.000115 0.000715
0.016642 0.000534
0.002342 0.000463
0.000567 0.000502
0.000224 0.000679
0.000039 0.000509
0.000020 0.000407
0.000769 0.000446
0.002331 0.000641
0.000123 0.000455
0.000081 0.000420
0.000013 0.000362
0.000183 0.000346
0.000008 0.000349
0.000007 0.000379
0.000249 0.000295
0.005381 0.000578
0.001401 0.000665
0.000000 0.001504
0.017947 0.000816
0.001262 0.000543
0.000505 0.000551
0.000002 0.000666
0.002905 0.000284
0.019436 0.000146
0.005936 0.000346
0.006771 0.000133
0.001851 0.000316
0.000250 0.000191
0.000124 0.000123
0.007403 0.000055
0.001331 0.000000
0.005425 0.000031
0.007031 0.000218
0.012523 0.000155
0.037153 0.000528
0.018371 0.000607
0.016808 0.000592
0.002026 0.000389
0.016427 0.000790
0.019571 0.000703
0.033160 0.000360
0.017639 0.000089
0.000374 0.000832
0.016321 0.000459
0.015017 0.000575
0.005734 0.000650
0.005255 0.000362
0.001174 0.000457
0.000217 0.000042
0.006437 0.000129
0.001493 0.000278
0.000057 0.000270
0.003266 0.000091
0.014350 0.000324
0.031446 0.000457
0.016074 0.000454
0.007603 0.000138
0.005966 0.000114
0.002825 0.000506
0.040348 0.000000
0.044579 0.000663
0.038648 0.000569
0.006506 0.000228
0.015541 0.000219
0.011812 0.000617
0.026248 0.000738
0.002297 0.000464
0.007589 0.000432
0.006392 0.000017
0.002029 0.000000
0.000535 0.000000
0.003322 0.000011
0.008227 0.000034
0.003802 0.000458
0.017838 0.000508
0.024249 0.000571
0.007738 0.000633
0.029079 0.000641
0.005067 0.000625
0.022836 0.000691
0.001911 0.000603
0.036305 0.000187
0.025171 0.000000
0.000848 0.000010
0.004612 0.000619
0.045556 0.000690
0.016682 0.000579
0.013431 0.000162
0.004430 0.000429
0.011418 0.000240
0.011405 0.000182
0.013823 0.000202
0.026008 0.000116
0.015873 0.000154
0.004569 0.000342
0.007892 0.000001
0.033562 0.000000
0.010322 0.000222
0.003464 0.000031
0.004566 0.000097
0.005698 0.000069
0.000032 0.000158
0.000043 0.000159
0.004288 0.000055
0.000414 0.000023
0.002287 0.000000
0.000109 0.000000
0.000295 0.000013
0.017534 0.000068
0.005819 0.000369
0.005262 0.000488
0.001160 0.000278
0.029184 0.000730
0.046433 0.000644
0.003980 0.000234
0.020732 0.000570
0.006971 0.001064
0.005312 0.000741
0.016894 0.000170
0.006779 0.000977
0.001521 0.001154
0.006321 0.000432
0.002195 0.000168
0.012653 0.000473
0.013025 0.000268
0.019714 0.000660
0.007978 0.000389
0.002180 0.000354
0.000169 0.000420
0.000140 0.000199
0.001350 0.000157
0.003994 0.000350
0.001249 0.000322
0.000048 0.000557
0.040429 0.000686
0.000507 0.000194
0.000757 0.000316
0.011774 0.000356
0.005786 0.000679
0.002033 0.000506
0.000034 0.000738
0.000135 0.000559
0.000030 0.000379
0.000046 0.000386
0.000106 0.000378
0.000023 0.000451
0.000105 0.000554
0.023564 0.000585
0.003186 0.000702
0.001834 0.000636
0.007137 0.000565
0.006951 0.000512
0.000400 0.000667
0.000299 0.000658
0.001797 0.000898
0.007616 0.000493
0.000048 0.000555
0.000094 0.000587
0.001557 0.000582
0.000355 0.000607
0.000002 0.000800
0.000000 0.001306
0.000045 0.000759
0.000178 0.000616
0.000086 0.000712
0.000001 0.000543
0.000000 0.000833
0.000173 0.001112
0.000085 0.001121
0.000000 0.000962
0.003008 0.000836
0.001416 0.000786
0.008324 0.001680
0.038131 0.001108
0.019563 0.001300
0.000535 0.001141
0.005738 0.000989
0.001301 0.001130
0.000499 0.001179
0.017558 0.000661
0.003830 0.000849
0.006611 0.000891
0.007546 0.000644
0.003073 0.000957
0.004104 0.001206
0.002413 0.001273
0.007251 0.001082
0.005571 0.001319
0.000042 0.001433
0.002316 0.001231
0.008630 0.000827
0.001172 0.000836
0.000033 0.001187
0.003124 0.000868
0.000414 0.001728
0.000754 0.001585
0.000077 0.002182
0.000005 0.002468
0.000052 0.002657
0.000094 0.002487
0.000009 0.001714
0.000905 0.001678
0.000340 0.001855
0.000065 0.001953
0.002977 0.001704
0.000860 0.001803
0.011318 0.001099
0.005559 0.001219
0.003348 0.002177
0.005753 0.001144
0.003430 0.002109
0.000798 0.002533
0.000645 0.002117
0.000234 0.002513
0.000000 0.002079
0.000868 0.001426
0.000052 0.002996
0.000001 0.004059
0.000000 0.003445
0.000000 0.003158
0.000002 0.003642
0.000009 0.001909
0.000000 0.003060
0.000000 0.002639
0.000000 0.002446
0.007096 0.002264
0.001182 0.001476
0.012250 0.001246
0.011520 0.002465
0.001115 0.002180
0.001613 0.002515
0.000274 0.003099
0.000000 0.002671
0.002564 0.001680
0.001773 0.001284
0.000037 0.001891
0.000000 0.002492
0.000139 0.002965
0.000000 0.002435
0.000011 0.003276
0.000014 0.002992
0.000000 0.002995
0.000110 0.002577
0.000000 0.002775
0.000000 0.003544
0.004202 0.003740
0.001837 0.002854
0.000017 0.002497
0.000356 0.002686
0.001889 0.000754
0.008053 0.000627
0.001827 0.001495
0.002678 0.000737
0.000263 0.001820
0.000507 0.001595
0.000997 0.001399
0.000587 0.001526
0.000000 0.002544
0.013037 0.001676
0.000544 0.002699
0.000329 0.002694
0.000370 0.002881
0.003588 0.003301
0.007631 0.002384
0.000952 0.002088
0.003783 0.002121
0.000096 0.003030
0.004868 0.001845
0.009261 0.001777
0.008306 0.002087
0.012560 0.002359
0.003235 0.002114
0.000511 0.002656
0.016925 0.001741
0.000109 0.002360
0.004528 0.002013
0.014004 0.002791
0.001300 0.002786
0.011566 0.001373
0.005024 0.001777
0.000031 0.001789
0.000013 0.001972
0.001895 0.002493
0.000002 0.002827
0.008642 0.001414
0.000006 0.002532
0.000024 0.002043
0.002185 0.002492
0.021053 0.004597
0.006294 0.002152
0.000183 0.002863
0.001976 0.002097
0.001014 0.002087
0.005182 0.001328
0.002376 0.002260
0.014065 0.001842
0.000040 0.002629
0.008027 0.001794
0.000075 0.002346
0.001010 0.002269
0.000236 0.002203
0.000000 0.002156
0.006948 0.001553
0.012678 0.001579
0.000846 0.001782
0.000602 0.001990
0.001894 0.002425
0.009144 0.002791
0.000004 0.003081
0.004196 0.002017
0.015739 0.001495
0.001732 0.001127
0.005848 0.001884
0.000279 0.002317
0.000001 0.001574
0.000060 0.002757
0.000048 0.003118
0.000086 0.002996
0.000003 0.002184
0.011829 0.001245
0.016556 0.001392
0.002090 0.002061
0.000930 0.001687
0.002938 0.001372
0.000001 0.002644
0.000293 0.001128
0.000189 0.002357
0.002941 0.001641
0.000089 0.001296
0.000048 0.002222
0.002448 0.002121
0.001956 0.002085
0.003445 0.001721
0.002436 0.001673
0.006485 0.001060
0.000169 0.001431
0.000708 0.001133
0.001198 0.001560
0.001721 0.001411
0.026907 0.001318
0.034716 0.001197
0.001096 0.001565
0.000671 0.002068
0.010323 0.001591
0.000981 0.001043
0.000139 0.000983
0.002973 0.001164
0.000004 0.001381
0.000055 0.001648
0.001124 0.001018
0.000001 0.001067
0.000083 0.001074
0.018197 0.000950
0.002935 0.001489
0.001904 0.001318
0.006505 0.001479
0.002241 0.001346
0.004998 0.000667
0.000595 0.001399
0.010560 0.001140
0.007107 0.001577
0.002219 0.001046
0.000257 0.000626
0.000007 0.000803
0.000150 0.001017
0.000001 0.000956
0.000003 0.001384
0.000502 0.001162
0.000009 0.000688
0.000233 0.000655
0.000011 0.000519
0.001969 0.000480
0.001235 0.000494
0.003036 0.000595
0.004953 0.000539
0.003389 0.000470
0.000601 0.000399
0.015241 0.000541
0.013047 0.000698
0.001326 0.000640
0.000298 0.000547
0.000112 0.000295
0.000242 0.000176
0.002187 0.000259
0.001431 0.000389
0.000187 0.000233
0.000020 0.000221
0.000923 0.000634
0.001223 0.000808
0.000030 0.000515
0.000296 0.000144
0.000003 0.000254
0.003440 0.000119
0.000005 0.000282
0.000278 0.000300
0.001572 0.000115
0.001850 0.000212
0.001885 0.000643
0.006046 0.000494
0.000032 0.000237
0.008548 0.000154
0.005828 0.000041
0.000138 0.000149
0.013913 0.000150
0.000273 0.000165
0.007565 0.000069
0.001069 0.000302
0.003782 0.000446
0.015005 0.000552
0.001296 0.000269
0.000760 0.000063
0.000886 0.000046
0.000065 0.000003
0.025755 0.000111
0.001753 0.000329
0.000018 0.000016
0.000019 0.000013
0.000036 0.000011
0.001242 0.000000
0.000225 0.000050
0.000162 0.000031
0.000035 0.000069
0.000009 0.000380
0.000006 0.000377
0.000296 0.000004
0.000103 0.000023
0.000002 0.000023
0.000024 0.000006
0.006531 0.000000
0.002507 0.000394
0.002205 0.000087
0.000657 0.000178
0.000175 0.000309
0.000148 0.000239
0.001505 0.000021
0.004656 0.000000
0.000233 0.000091
0.002589 0.000082
0.001653 0.000000
0.000940 0.000046
0.000003 0.000133
0.000704 0.000048
0.013056 0.000138
0.002140 0.000300
0.006946 0.000450
0.041900 0.000540
0.009272 0.000539
0.013491 0.000658
0.001511 0.000656
0.000002 0.000171
0.000013 0.000122
0.000001 0.000233
0.000086 0.000475
0.006779 0.000618
0.002971 0.000209
0.000201 0.000097
0.000040 0.000478
0.000001 0.000318
0.000630 0.000062
0.000536 0.000040
0.000314 0.000000
0.008562 0.000020
0.006268 0.000357
0.002866 0.000519
0.003376 0.000868
0.004459 0.000315
0.000783 0.000492
0.009460 0.000077
0.001782 0.000007
0.000212 0.000001
0.000358 0.000003
0.000001 0.000184
0.000153 0.000071
0.000047 0.000011
0.000448 0.000015
0.000402 0.000032
0.000049 0.000049
0.002714 0.000252
0.000003 0.000517
0.000013 0.000304
0.002800 0.000192
0.004016 0.000045
0.000354 0.000039
0.000450 0.000080
0.012463 0.000105
0.001083 0.000106
0.006821 0.000637
0.013451 0.000703
0.004044 0.000344
0.000485 0.000105
0.011997 0.000232
0.001544 0.000122
0.000013 0.000168
0.000036 0.000354
0.002588 0.000293
0.007296 0.000260
0.000874 0.000544
0.000005 0.000493
0.000011 0.000513
0.003937 0.000294
0.001684 0.000633
0.001691 0.000268
0.005019 0.000518
0.000809 0.000534
0.001104 0.000950
0.009761 0.000636
0.020694 0.000911
0.006523 0.000232
0.019096 0.000502
0.005967 0.000601
0.023729 0.000617
0.010964 0.000470
0.000463 0.000460
0.000871 0.000586
0.004003 0.000796
0.011717 0.000442
0.006476 0.000392
0.000652 0.000475
0.000680 0.000529
0.007245 0.000674
0.005399 0.000927
0.000018 0.001188
0.001430 0.000474
0.003819 0.000444
0.000165 0.000664
0.000670 0.001121
0.000136 0.001691
0.000927 0.001104
0.006787 0.001068
0.015672 0.000405
0.019701 0.000537
0.009594 0.001070
0.002144 0.001265
0.000644 0.001178
0.036164 0.000342
0.000156 0.000997
0.000010 0.001301
0.000000 0.001737
0.000091 0.001783
0.000001 0.001464
0.002715 0.000791
0.014676 0.000578
0.025789 0.000977
0.006886 0.001313
0.004502 0.001130
0.000004 0.001829
0.003670 0.001568
0.000000 0.002060
0.000000 0.001767
0.000051 0.001602
0.000003 0.001394
0.000000 0.002258
0.000089 0.001730
0.000239 0.001979
0.000516 0.001532
0.000008 0.002017
0.000341 0.001535
0.001636 0.001185
0.001157 0.001978
0.007067 0.001063
0.000340 0.001433
0.000015 0.001561
0.000106 0.001524
0.000204 0.002024
0.000100 0.001604
0.000000 0.001914
0.001383 0.002364
0.001446 0.001928
0.001350 0.001607
0.000046 0.001844
0.001511 0.001730
0.001590 0.001425
0.000003 0.001398
0.000005 0.002380
0.000266 0.002194
0.000002 0.002052
0.000000 0.003451
0.000000 0.003273
0.000001 0.003373
0.000000 0.002609
0.000000 0.002176
0.000000 0.002614
0.000000 0.002939
0.000000 0.002356
0.000000 0.003112
0.003981 0.001985
0.003625 0.001562
0.001634 0.003196
0.021216 0.001281
0.001610 0.002179
0.000088 0.002225
0.000113 0.003004
0.005150 0.001836
0.006955 0.001477
0.000685 0.002108
0.004415 0.002022
0.000145 0.002899
0.000045 0.002890
0.000003 0.004633
0.000000 0.005020
0.009158 0.002731
0.000025 0.002421
0.003378 0.001365
0.001479 0.002243
0.000001 0.003735
0.003551 0.002251
0.000038 0.002579
0.000005 0.002853
0.013510 0.003055
0.024429 0.001476
0.014643 0.001226
0.004144 0.003009
0.019740 0.001340
0.005848 0.002280
0.007107 0.001776
0.008078 0.002023
0.000465 0.002463
0.000045 0.001953
0.001326 0.002330
0.009315 0.002673
0.000088 0.002149
0.000000 0.004091
0.000000 0.004298
0.000000 0.003597
0.000557 0.003604
0.000056 0.001878
0.004597 0.001998
0.000459 0.002384
0.000000 0.003092
0.000002 0.002989
0.017665 0.002093
0.009902 0.000710
0.009516 0.001641
0.008878 0.000702
0.000090 0.000779
0.001076 0.002526
0.001053 0.002596
0.010775 0.002767
0.017348 0.000757
0.001406 0.002025
0.000924 0.001932
0.003020 0.001715
0.000075 0.003629
0.003508 0.001915
0.003356 0.001587
0.000008 0.002105
0.000000 0.003122
0.004426 0.002559
0.002807 0.002510
0.004091 0.001401
0.000058 0.003363
0.000090 0.004420
0.000000 0.004354
0.006655 0.001914
0.001821 0.001918
0.003930 0.001583
0.007976 0.001718
0.003069 0.001442
0.000000 0.003092
0.007854 0.002000
0.016874 0.001933
0.008379 0.002107
0.001981 0.002095
0.005045 0.002201
0.004937 0.002003
0.004446 0.002099
0.002140 0.001935
0.012818 0.001748
0.002729 0.002101
0.000095 0.002044
0.001149 0.002261
0.018372 0.001461
0.004469 0.002323
0.000076 0.001953
0.000000 0.002430
0.000678 0.002572
0.004264 0.001658
0.000390 0.001821
0.004304 0.002375
0.024613 0.001227
0.001695 0.002478
0.017294 0.001836
0.012066 0.002597
0.004014 0.001732
0.001614 0.002126
0.000007 0.001997
0.000990 0.001474
0.011984 0.001128
0.000192 0.001679
0.003455 0.001986
0.005200 0.001312
0.000158 0.001617
0.000066 0.001568
0.003211 0.001543
0.000206 0.001321
0.000004 0.001738
0.000315 0.001753
0.000001 0.001667
0.000086 0.001952
0.001561 0.001494
0.009905 0.000878
0.002928 0.001166
0.000715 0.001544
0.014406 0.000818
0.004878 0.001334
0.000446 0.001331
0.010088 0.000955
0.000689 0.001438
0.009267 0.001451
0.003973 0.001011
0.000684 0.001534
0.000598 0.001301
0.001015 0.000903
0.001870 0.000845
0.000099 0.000692
0.000603 0.001317
0.020921 0.000707
0.000809 0.000785
0.003416 0.000749
0.000096 0.001012
0.020603 0.000927
0.001075 0.000627
0.000003 0.000702
0.013367 0.001016
0.002266 0.001188
0.005913 0.001319
0.003714 0.000909
0.009911 0.000531
0.002905 0.001509
0.005512 0.001394
0.013973 0.000782
0.000121 0.001233
0.002451 0.000881
0.000355 0.000888
0.000225 0.000621
0.002815 0.000646
0.015035 0.000978
0.014504 0.000866
0.015362 0.001013
0.005827 0.000844
0.001171 0.000685
0.004987 0.000959
0.016806 0.000649
0.007229 0.001035
0.002533 0.000410
0.010850 0.000366
0.004874 0.000333
0.005861 0.000552
0.000736 0.000733
0.003231 0.000257
0.003674 0.000511
0.000003 0.000751
0.000007 0.000557
0.000880 0.000461
0.000475 0.000956
0.000001 0.000643
0.001510 0.000208
0.001576 0.000377
0.003529 0.000558
0.000084 0.000197
0.000762 0.000343
0.001187 0.000290
0.000109 0.000294
0.018873 0.000244
0.000023 0.000347
0.004002 0.000133
0.001150 0.000796
0.000513 0.000607
0.000106 0.000144
0.000010 0.000473
0.003036 0.000204
0.000150 0.000115
0.004189 0.000050
0.000944 0.000390
0.004003 0.000441
0.000002 0.000510
0.009894 0.000114
0.009575 0.000000
0.010980 0.000018
0.029080 0.000021
0.001652 0.000102
0.002452 0.000090
0.000513 0.000249
0.006865 0.000246
0.000744 0.000349
0.000191 0.000205
0.000000 0.000271
0.000080 0.000404
0.000016 0.000180
0.000197 0.000076
0.000035 0.000163
0.000051 0.000088
0.000305 0.000496
0.017002 0.000687
0.002768 0.000547
0.000002 0.000411
0.000003 0.000163
0.000001 0.000015
0.000020 0.000002
0.006722 0.000022
0.004289 0.000161
0.004258 0.000060
0.000030 0.000100
0.001834 0.000027
0.003527 0.000120
0.000664 0.000007
0.001589 0.000024
0.000135 0.000029
0.000079 0.000003
0.000448 0.000000
0.005348 0.000318
0.023565 0.000344
0.018193 0.000014
0.000399 0.000003
0.000004 0.000130
0.001801 0.000155
0.004391 0.000047
0.006888 0.000085
0.000946 0.000382
