# Generated by from get_rainpet.bsh start_date=2010-01-01 end_date=2017-12-31
# dt [h]: Time step
24

################################################################################
# R [m/dt]:  Rainfall
# Ep [m/dt]: Potential evapotranspiration

# R Ep
0.004215 0.000089
0.004234 0.000177
0.000135 0.000011
0.001006 0.000012
0.013339 0.000031
0.001908 0.000103
0.000273 0.000001
0.000265 0.000005
0.000689 0.000010
0.001275 0.000681
0.001393 0.000257
0.002344 0.000245
0.002209 0.000174
0.001935 0.000000
0.019107 0.000142
0.004892 0.000185
0.004215 0.000032
0.000119 0.000007
0.000200 0.000046
0.000250 0.000255
0.007791 0.000323
0.000428 0.000026
0.006118 0.000001
0.001843 0.000020
0.000020 0.000128
0.000134 0.000156
0.000159 0.000416
0.001406 0.000248
0.000008 0.000397
0.000004 0.000353
0.000001 0.000310
0.004174 0.000317
0.002232 0.000150
0.000170 0.000139
0.000809 0.000099
0.003781 0.000160
0.001014 0.000028
0.001326 0.000000
0.001631 0.000230
0.001425 0.000332
0.000619 0.000352
0.000598 0.000232
0.001688 0.000253
0.000549 0.000229
0.000378 0.000113
0.002521 0.000149
0.000072 0.000106
0.000041 0.000116
0.000208 0.000116
0.000047 0.000201
0.000015 0.000224
0.000127 0.000193
0.000095 0.000269
0.002079 0.000366
0.005434 0.000241
0.004739 0.000193
0.012681 0.000172
0.004395 0.000416
0.002128 0.000537
0.000116 0.000631
0.000123 0.000627
0.000065 0.000486
0.000039 0.000557
0.000253 0.000662
0.000011 0.000518
0.000042 0.000549
0.000003 0.000471
0.000008 0.000647
0.000002 0.000791
0.000190 0.000864
0.000086 0.000846
0.000000 0.001105
0.000017 0.001229
0.000344 0.001141
0.000326 0.000876
0.000189 0.001142
0.004395 0.001365
0.004297 0.001775
0.001330 0.000839
0.005087 0.000905
0.004964 0.001018
0.001830 0.000613
0.004839 0.000621
0.019034 0.000539
0.005772 0.000790
0.000179 0.001610
0.007346 0.001289
0.022010 0.000700
0.031898 0.000202
0.010749 0.000728
0.000146 0.001608
0.002869 0.001116
0.003093 0.000856
0.008803 0.001075
0.003994 0.001107
0.005255 0.001313
0.000033 0.001637
0.000016 0.001569
0.000002 0.001277
0.000003 0.001999
0.000000 0.002135
0.000040 0.002090
0.000082 0.001497
0.000001 0.001848
0.000000 0.001388
0.000000 0.002530
0.000006 0.002360
0.001741 0.001157
0.000549 0.001431
0.000127 0.002393
0.000004 0.002317
0.000000 0.001893
0.000016 0.001168
0.001696 0.002150
0.001022 0.001400
0.000033 0.002374
0.000655 0.001575
0.000265 0.002202
0.000237 0.001708
0.002613 0.001781
0.000612 0.001305
0.000081 0.001534
0.000167 0.001971
0.000350 0.001798
0.005033 0.001396
0.000865 0.001282
0.000006 0.002328
0.000728 0.002246
0.001698 0.002021
0.000024 0.001632
0.000008 0.001967
0.000185 0.002283
0.002928 0.002121
0.001277 0.001789
0.000648 0.002927
0.000227 0.002305
0.000038 0.002529
0.000244 0.003518
0.000034 0.001859
0.000009 0.002344
0.000139 0.003303
0.000000 0.004365
0.000008 0.003731
0.000095 0.002734
0.000117 0.002254
0.001852 0.002087
0.003865 0.002143
0.000035 0.002834
0.003136 0.001673
0.000163 0.002272
0.001420 0.003219
0.000659 0.001679
0.000001 0.003274
0.000000 0.004006
0.000000 0.003634
0.000465 0.003208
0.004025 0.000681
0.010885 0.001437
0.002233 0.000646
0.000396 0.000951
0.000001 0.001865
0.000000 0.002289
0.000099 0.002896
0.004390 0.001441
0.000003 0.002027
0.000024 0.002917
0.000002 0.003235
0.000003 0.003413
0.000006 0.003126
0.000000 0.003181
0.000000 0.003291
0.000000 0.003409
0.000000 0.004511
0.000241 0.002894
0.000001 0.002860
0.000000 0.002714
0.000023 0.003021
0.000000 0.003769
0.002622 0.003248
0.000002 0.003126
0.000091 0.003530
0.014384 0.002123
0.000149 0.003647
0.002406 0.003690
0.009870 0.002578
0.000058 0.003123
0.007322 0.002190
0.000064 0.003427
0.000241 0.003049
0.017989 0.001983
0.008803 0.001527
0.000173 0.002633
0.000057 0.002055
0.010878 0.002418
0.022050 0.001311
0.012942 0.001750
0.002723 0.002414
0.001471 0.002680
0.005200 0.001948
0.008334 0.001567
0.017107 0.002049
0.001333 0.001736
0.000014 0.002015
0.000000 0.002941
0.000091 0.001872
0.000010 0.001910
0.000710 0.001628
0.000099 0.002516
0.000295 0.001767
0.000035 0.002229
0.000380 0.001498
0.001383 0.001844
0.006343 0.001722
0.000513 0.001588
0.000061 0.001916
0.000042 0.002090
0.000911 0.002192
0.002753 0.001249
0.000470 0.001529
0.000146 0.002065
0.006407 0.001682
0.009270 0.001776
0.001160 0.001715
0.005467 0.002016
0.000285 0.001818
0.000029 0.002127
0.000048 0.002638
0.005206 0.001479
0.000109 0.001650
0.001571 0.002055
0.013321 0.002254
0.007982 0.001769
0.000662 0.002572
0.000734 0.002603
0.007502 0.001020
0.004104 0.001642
0.000036 0.001776
0.000011 0.001709
0.000124 0.001839
0.000689 0.001588
0.000886 0.002420
0.000008 0.002183
0.000003 0.002130
0.000253 0.001539
0.000006 0.001997
0.000076 0.001996
0.000025 0.001694
0.000086 0.001971
0.012041 0.002460
0.009004 0.001291
0.000273 0.001275
0.002116 0.001500
0.006347 0.001159
0.000290 0.001406
0.001894 0.001762
0.009003 0.000933
0.006311 0.001877
0.000340 0.001900
0.000018 0.001798
0.000005 0.001705
0.004908 0.001114
0.007134 0.000591
0.000497 0.001038
0.000059 0.000902
0.009996 0.000930
0.007622 0.000687
0.000103 0.001408
0.000015 0.001290
0.000448 0.000957
0.000706 0.000164
0.010431 0.000549
0.012040 0.000438
0.002377 0.000770
0.011220 0.000614
0.003066 0.000889
0.001727 0.000548
0.004065 0.001105
0.010271 0.001266
0.000753 0.000986
0.000099 0.000847
0.000062 0.000530
0.000006 0.000761
0.000000 0.000841
0.000062 0.000519
0.000006 0.000345
0.000123 0.000288
0.000087 0.000240
0.000381 0.000620
0.000033 0.000453
0.000090 0.000509
0.002245 0.000870
0.000342 0.000590
0.004047 0.000683
0.002631 0.000640
0.014335 0.000344
0.001388 0.000449
0.000049 0.000404
0.004767 0.000402
0.004752 0.000352
0.004680 0.000981
0.006890 0.000647
0.002194 0.000948
0.000225 0.000477
0.000011 0.000105
0.009287 0.000204
0.010298 0.000717
0.010831 0.000680
0.005104 0.000142
0.001655 0.000275
0.003345 0.000069
0.012472 0.000245
0.010321 0.000649
0.001451 0.000633
0.006907 0.000214
0.020688 0.000615
0.001479 0.000968
0.008598 0.000257
0.001296 0.000051
0.002628 0.000014
0.000151 0.000060
0.001999 0.000733
0.003561 0.000495
0.000561 0.000003
0.002640 0.000061
0.003701 0.000150
0.004493 0.000020
0.000150 0.000037
0.000982 0.000097
0.000732 0.000285
0.003561 0.000034
0.004001 0.000049
0.006142 0.000074
0.007495 0.000058
0.005718 0.000214
0.007603 0.000172
0.002055 0.000010
0.000815 0.000003
0.000053 0.000000
0.000002 0.000007
0.002052 0.000000
0.000058 0.000001
0.000000 0.000006
0.000345 0.000169
0.002417 0.000312
0.000002 0.000207
0.000030 0.000003
0.000253 0.000010
0.000320 0.000008
0.003503 0.000031
0.001706 0.000216
0.000199 0.000237
0.000647 0.000025
0.001752 0.000000
0.000001 0.000001
0.000016 0.000000
0.001375 0.000002
0.000458 0.000004
0.000041 0.000006
0.000482 0.000001
0.004018 0.000004
0.010891 0.000002
0.002619 0.000000
0.000976 0.000000
0.000388 0.000000
0.000714 0.000000
0.000001 0.000159
0.000004 0.000172
0.001653 0.000298
0.015552 0.000186
0.003673 0.000043
0.000085 0.000065
0.004751 0.000029
0.000626 0.000012
0.001618 0.000100
0.026260 0.000048
0.001973 0.000031
0.005163 0.000000
0.004053 0.000000
0.009801 0.000124
0.036078 0.000341
0.000051 0.000538
0.000010 0.000132
0.000109 0.000038
0.000150 0.000056
0.000013 0.000004
0.000042 0.000004
0.000215 0.000038
0.000016 0.000191
0.000164 0.000331
0.000392 0.000211
0.001959 0.000329
0.000013 0.000122
0.000004 0.000048
0.000332 0.000007
0.000205 0.000148
0.003452 0.000206
0.003032 0.000349
0.006553 0.000471
0.018995 0.000697
0.031685 0.000508
0.003228 0.000437
0.028211 0.000066
0.004920 0.000351
0.005241 0.000308
0.010352 0.000228
0.000239 0.000160
0.007201 0.000097
0.004032 0.000172
0.007061 0.000154
0.002302 0.000198
0.008151 0.000279
0.000413 0.000235
0.001689 0.000151
0.003485 0.000351
0.001772 0.000297
0.000033 0.000339
0.000128 0.000322
0.003203 0.000223
0.000778 0.000156
0.001430 0.000670
0.001408 0.000768
0.000497 0.000543
0.000016 0.000662
0.000049 0.000512
0.000047 0.000512
0.000013 0.000540
0.000012 0.000127
0.000415 0.000415
0.000065 0.000524
0.000000 0.000719
0.000102 0.000705
0.006070 0.000828
0.010006 0.000990
0.006300 0.001187
0.012878 0.000880
0.012918 0.000151
0.000458 0.000541
0.002564 0.000760
0.012857 0.000111
0.000102 0.000621
0.000240 0.000624
0.000048 0.001156
0.000419 0.001050
0.000237 0.000806
0.000046 0.001459
0.000072 0.001073
0.000004 0.001138
0.000023 0.001281
0.000001 0.000937
0.000009 0.000771
0.000003 0.001109
0.000000 0.001059
0.005382 0.000959
0.008786 0.000625
0.003805 0.001387
0.013270 0.001211
0.000942 0.001715
0.001208 0.001618
0.013231 0.001147
0.010901 0.001492
0.001700 0.001953
0.000015 0.002255
0.000007 0.002234
0.000000 0.002270
0.000013 0.002530
0.000783 0.001629
0.000795 0.002308
0.000973 0.001125
0.000297 0.001224
0.000129 0.001234
0.000002 0.001736
0.000000 0.002608
0.000075 0.001639
0.000001 0.002119
0.000001 0.002381
0.000004 0.002065
0.000303 0.002425
0.003034 0.001445
0.000000 0.002282
0.000000 0.002124
0.000007 0.002265
0.000001 0.002795
0.000000 0.002817
0.000001 0.002174
0.000000 0.003774
0.000000 0.003902
0.000004 0.003138
0.000004 0.002959
0.000001 0.003280
0.003974 0.001620
0.018460 0.001812
0.017769 0.001682
0.001488 0.002128
0.003068 0.002686
0.004050 0.002159
0.001036 0.002343
0.001044 0.002244
0.005945 0.002113
0.000393 0.002129
0.001042 0.001405
0.001643 0.001583
0.001818 0.001695
0.001115 0.002565
0.001753 0.002838
0.000953 0.002731
0.027560 0.001934
0.015813 0.002778
0.009917 0.002258
0.001147 0.003291
0.002061 0.001911
0.001360 0.001432
0.002248 0.002140
0.002575 0.002652
0.000584 0.002906
0.001747 0.002343
0.000474 0.003242
0.000011 0.002148
0.000003 0.004015
0.000000 0.004920
0.000006 0.001745
0.000338 0.001668
0.000023 0.002454
0.003059 0.001856
0.002787 0.001897
0.005276 0.002692
0.003413 0.002619
0.008448 0.001521
0.007676 0.002279
0.000044 0.002158
0.000149 0.003853
0.000362 0.001933
0.000569 0.002711
0.002395 0.002050
0.007724 0.001385
0.003432 0.002049
0.006224 0.002593
0.007533 0.001320
0.008474 0.001689
0.002667 0.001973
0.001603 0.002449
0.000977 0.001754
0.000159 0.002299
0.000469 0.001967
0.000019 0.003469
0.003393 0.003044
0.001159 0.002571
0.000165 0.002707
0.000000 0.003051
0.000000 0.004167
0.000003 0.003599
0.008206 0.002255
0.005166 0.001732
0.000895 0.002323
0.004473 0.002181
0.006418 0.002349
0.001487 0.001991
0.002027 0.002321
0.000001 0.002171
0.000098 0.003326
0.000000 0.003519
0.012427 0.002405
0.040883 0.001630
0.007700 0.001942
0.001319 0.001620
0.013975 0.001785
0.002136 0.001523
0.001145 0.002074
0.000136 0.001872
0.000000 0.002875
0.000000 0.003648
0.000614 0.002380
0.000013 0.002398
0.000009 0.002766
0.002574 0.001629
0.000003 0.002372
0.000011 0.002870
0.000789 0.001808
0.021931 0.001424
0.007052 0.001485
0.001923 0.002536
0.009592 0.001380
0.000005 0.002702
0.026601 0.001314
0.009324 0.001340
0.000075 0.002226
0.007517 0.002893
0.015696 0.000509
0.009061 0.001112
0.007339 0.001168
0.003890 0.001713
0.001300 0.002141
0.002059 0.002311
0.003605 0.001405
0.000483 0.002232
0.006725 0.001314
0.003488 0.002053
0.006565 0.002390
0.000937 0.002126
0.000003 0.001741
0.000275 0.001542
0.003755 0.001681
0.000138 0.001790
0.011398 0.001088
0.002616 0.001283
0.001423 0.001651
0.000006 0.001710
0.000739 0.001273
0.000001 0.001025
0.002510 0.001365
0.005813 0.001486
0.006740 0.001032
0.002061 0.001597
0.019181 0.001215
0.006729 0.001631
0.004454 0.001668
0.002906 0.001634
0.002849 0.000868
0.004462 0.001196
0.014358 0.001486
0.007086 0.001620
0.001867 0.001849
0.000076 0.001840
0.000136 0.001385
0.018743 0.000722
0.001734 0.000947
0.002216 0.000819
0.004693 0.000974
0.000261 0.001317
0.009859 0.001347
0.000086 0.001630
0.002794 0.001181
0.000226 0.001286
0.003693 0.001101
0.000010 0.001440
0.000116 0.001029
0.000088 0.001785
0.000043 0.001344
0.000145 0.001463
0.011288 0.000695
0.003930 0.000184
0.000880 0.001140
0.003185 0.001407
0.010005 0.001107
0.006269 0.001184
0.000695 0.001241
0.005488 0.000219
0.004260 0.000671
0.000804 0.000753
0.010174 0.000801
0.001013 0.000370
0.000021 0.000390
0.000601 0.000578
0.001136 0.000806
0.001905 0.000712
0.027100 0.000778
0.004624 0.000953
0.000010 0.000841
0.005727 0.000461
0.002914 0.000610
0.002181 0.001101
0.000921 0.000954
0.003896 0.001197
0.001478 0.000592
0.001848 0.000301
0.001109 0.000318
0.000249 0.000546
0.004889 0.000557
0.002613 0.000609
0.003858 0.000512
0.000052 0.000322
0.004818 0.000575
0.001324 0.000382
0.000476 0.000126
0.000018 0.000046
0.000095 0.000041
0.000567 0.000016
0.000396 0.000148
0.001928 0.000336
0.000164 0.000194
0.009514 0.000384
0.000421 0.000122
0.000023 0.000068
0.000011 0.000216
0.000003 0.000248
0.000595 0.000133
0.005608 0.000323
0.000347 0.000527
0.000009 0.000133
0.000567 0.000025
0.002114 0.000041
0.000086 0.000038
0.005863 0.000499
0.009978 0.000622
0.006984 0.000556
0.019060 0.000688
0.000556 0.000797
0.008867 0.000577
0.017962 0.000673
0.020028 0.000667
0.000534 0.000259
0.004985 0.000207
0.006303 0.000644
0.002265 0.000293
0.003833 0.000156
0.010308 0.000182
0.015618 0.000484
0.009319 0.000822
0.000744 0.000458
0.004099 0.000063
0.003057 0.000100
0.007206 0.000243
0.006313 0.000867
0.000234 0.000614
0.002437 0.000001
0.003874 0.000001
0.000434 0.000106
0.000373 0.000053
0.003706 0.000012
0.006298 0.000340
0.001101 0.000005
0.004777 0.000363
0.000801 0.000316
0.006406 0.000482
0.002693 0.000671
0.002361 0.000926
0.008239 0.000310
0.007096 0.000988
0.004814 0.000604
0.008562 0.000248
0.008341 0.000252
0.001353 0.000504
0.013769 0.000488
0.007133 0.000726
0.016648 0.000600
0.000165 0.000705
0.002006 0.000317
0.000064 0.000850
0.000907 0.000423
0.000104 0.000305
0.000652 0.000500
0.001570 0.000377
0.000012 0.000602
0.000011 0.000006
0.000080 0.000001
0.000033 0.000011
0.000015 0.000013
0.002966 0.000114
0.002755 0.000461
0.007557 0.000442
0.004282 0.000319
0.003581 0.001011
0.000158 0.000664
0.003892 0.000306
0.003782 0.000039
0.006043 0.000506
0.001208 0.000108
0.000247 0.000092
0.000083 0.000013
0.000109 0.000069
0.000044 0.000219
0.000079 0.000530
0.000005 0.000422
0.000034 0.000156
0.000002 0.000160
0.006018 0.000215
0.000785 0.000087
0.000008 0.000056
0.000073 0.000074
0.001939 0.000449
0.004393 0.000017
0.000095 0.000081
0.000509 0.000167
0.000117 0.000129
0.000012 0.000558
0.000002 0.000876
0.000001 0.000943
0.000556 0.000675
0.007962 0.000528
0.000577 0.000834
0.000489 0.000724
0.003681 0.000610
0.010077 0.000583
0.003738 0.000739
0.001308 0.000810
0.000156 0.001164
0.000599 0.000771
0.000897 0.000468
0.000607 0.000565
0.000009 0.000625
0.000005 0.000681
0.000556 0.000646
0.000618 0.000480
0.006428 0.000609
0.000812 0.000542
0.000038 0.000849
0.005979 0.000722
0.002019 0.001028
0.000579 0.000862
0.002132 0.001108
0.000002 0.001028
0.000001 0.001122
0.000036 0.000827
0.000000 0.000647
0.000000 0.000754
0.001009 0.000796
0.004393 0.000814
0.000042 0.001044
0.000022 0.001158
0.000368 0.001143
0.000001 0.001471
0.000106 0.001466
0.000008 0.001411
0.000000 0.000872
0.000001 0.001021
0.000004 0.001624
0.000003 0.001896
0.000003 0.002031
0.000006 0.002170
0.000000 0.002333
0.000169 0.002053
0.000002 0.001360
0.000000 0.001443
0.006423 0.000357
0.007752 0.000705
0.000366 0.001460
0.000021 0.001415
0.005865 0.000468
0.000048 0.000851
0.001416 0.001045
0.009076 0.000958
0.010620 0.000933
0.006168 0.001084
0.001510 0.001168
0.000376 0.001414
0.000616 0.001538
0.000001 0.001657
0.009843 0.001614
0.001879 0.001414
0.004068 0.001172
0.000863 0.000960
0.005636 0.001141
0.007513 0.001078
0.002286 0.001315
0.000924 0.001333
0.001562 0.001289
0.008884 0.000887
0.004900 0.000634
0.000584 0.001642
0.000064 0.001972
0.004343 0.001432
0.000025 0.001230
0.000186 0.001622
0.000001 0.001673
0.000630 0.001859
0.000218 0.001584
0.000016 0.002082
0.000160 0.002075
0.006166 0.001243
0.001307 0.001990
0.015968 0.002009
0.023337 0.000468
0.003996 0.001309
0.000017 0.002898
0.007325 0.001968
0.004485 0.002367
0.000581 0.002251
0.001303 0.002242
0.004241 0.000603
0.004798 0.000666
0.000005 0.001577
0.000037 0.002835
0.000002 0.002798
0.000000 0.004001
0.000000 0.003999
0.000077 0.003674
0.000000 0.004501
0.000000 0.005256
0.000000 0.004572
0.000084 0.003996
0.001045 0.001917
0.004270 0.001506
0.006233 0.001241
0.000005 0.002288
0.000002 0.001888
0.000052 0.002010
0.000003 0.002659
0.017850 0.001970
0.005501 0.001422
0.005796 0.001396
0.019697 0.000660
0.007239 0.001689
0.007283 0.001710
0.000012 0.001556
0.000035 0.002016
0.000073 0.002208
0.006382 0.002461
0.014790 0.000962
0.019934 0.000580
0.000297 0.001535
0.001129 0.003018
0.001090 0.003008
0.000187 0.003137
0.022677 0.001253
0.013665 0.001427
0.010033 0.001739
0.002984 0.002018
0.000042 0.002256
0.004018 0.002141
0.001866 0.001440
0.018022 0.001540
0.005618 0.002081
0.002655 0.002562
0.004178 0.001655
0.003162 0.000607
0.000838 0.001739
0.010486 0.001600
0.006715 0.002021
0.023791 0.001411
0.000885 0.001646
0.007576 0.001560
0.010515 0.001395
0.010784 0.001078
0.013711 0.001655
0.000354 0.002200
0.000318 0.001679
0.002784 0.001853
0.001015 0.002565
0.000299 0.001779
0.011438 0.002180
0.006124 0.001559
0.001516 0.001915
0.000023 0.001804
0.000066 0.002496
0.008701 0.002312
0.011355 0.001833
0.003180 0.001864
0.000104 0.002647
0.000812 0.001740
0.000060 0.003050
0.004165 0.002032
0.001960 0.002225
0.002165 0.002251
0.008464 0.002723
0.005523 0.001402
0.000106 0.002209
0.000016 0.002305
0.019387 0.002011
0.008028 0.001440
0.007577 0.001724
0.000263 0.002136
0.000001 0.002620
0.000001 0.002580
0.000003 0.003009
0.000000 0.002107
0.003021 0.001999
0.000312 0.001456
0.000798 0.002207
0.013611 0.001562
0.013028 0.002583
0.012147 0.001215
0.000704 0.002120
0.009989 0.001709
0.000364 0.001964
0.002273 0.001622
0.004096 0.002162
0.002264 0.001702
0.002545 0.001153
0.005462 0.001016
0.000750 0.001755
0.020236 0.000667
0.004419 0.002479
0.016549 0.001281
0.000247 0.001842
0.001439 0.001216
0.001501 0.001609
0.000007 0.002004
0.000980 0.001934
0.000008 0.002643
0.000000 0.001938
0.001117 0.001467
0.000333 0.001609
0.000003 0.001780
0.006982 0.001654
0.014475 0.000540
0.002583 0.001625
0.001411 0.001416
0.003030 0.001050
0.000415 0.001995
0.000379 0.001985
0.002249 0.001195
0.004549 0.001260
0.000088 0.001457
0.000960 0.001406
0.029693 0.000650
0.000142 0.000991
0.000005 0.001075
0.006629 0.000997
0.021395 0.000568
0.006869 0.000444
0.004296 0.000814
0.001701 0.000832
0.001967 0.001234
0.007239 0.001477
0.002615 0.001102
0.005863 0.001099
0.015697 0.000814
0.001549 0.000804
0.003885 0.000714
0.000229 0.000679
0.000022 0.000750
0.000025 0.000660
0.000006 0.000558
0.000037 0.000557
0.000164 0.000522
0.036945 0.000440
0.000185 0.000614
0.001104 0.000386
0.002721 0.000314
0.009968 0.000346
0.007615 0.000377
0.021843 0.000299
0.002925 0.000331
0.002846 0.000167
0.000141 0.000301
0.000219 0.000230
0.001680 0.000195
0.000905 0.000009
0.000484 0.000244
0.000434 0.000388
0.000215 0.000555
0.002362 0.000519
0.001836 0.000224
0.000258 0.000187
0.005101 0.000411
0.013886 0.000318
0.001816 0.000117
0.003095 0.000465
0.002283 0.000158
0.000308 0.000076
0.000870 0.000086
0.001581 0.000402
0.002862 0.000720
0.002192 0.000634
0.005357 0.000537
0.000527 0.000185
0.000183 0.000137
0.006181 0.000053
0.008362 0.000495
0.003600 0.000264
0.000579 0.000054
0.001343 0.000179
0.000240 0.000053
0.010876 0.000126
0.006612 0.000492
0.005369 0.000605
0.001025 0.000208
0.025926 0.000405
0.001818 0.000251
0.012512 0.000020
0.011397 0.000073
0.014944 0.000247
0.001552 0.000325
0.000002 0.000154
0.000050 0.000012
0.003236 0.000001
0.000159 0.000052
0.002681 0.000008
0.001456 0.000030
0.000425 0.000058
0.000102 0.000156
0.013713 0.000232
0.001531 0.000272
0.001793 0.000167
0.000114 0.000628
0.000919 0.000078
0.000389 0.000001
0.000223 0.000031
0.000006 0.000049
0.013483 0.000182
0.001212 0.000198
0.001299 0.000003
0.000541 0.000002
0.000085 0.000000
0.010951 0.000351
0.023269 0.000290
0.002006 0.000018
0.017266 0.000054
0.002562 0.000539
0.011036 0.000055
0.001711 0.000029
0.014940 0.000093
0.004236 0.000204
0.006421 0.000311
0.002764 0.000555
0.017605 0.000476
0.003275 0.000570
0.004710 0.000301
0.000973 0.000142
0.000058 0.000554
0.000192 0.000342
0.001466 0.000288
0.001570 0.000139
0.005139 0.000115
0.000318 0.000127
0.000067 0.000006
0.000740 0.000000
0.000149 0.000000
0.000119 0.000101
0.003159 0.000015
0.000892 0.000021
0.000220 0.000000
0.000007 0.000045
0.000030 0.000259
0.000855 0.000552
0.001335 0.000281
0.002811 0.000367
0.007638 0.000357
0.000478 0.000210
0.000253 0.000037
0.000744 0.000081
0.011449 0.000291
0.015453 0.000174
0.001436 0.000561
0.014431 0.000704
0.010985 0.000800
0.009923 0.001176
0.008032 0.000692
0.000982 0.000422
0.001391 0.000375
0.002248 0.000689
0.008283 0.000825
0.007255 0.000549
0.000042 0.000785
0.000017 0.000325
0.001580 0.000334
0.001114 0.000119
0.002146 0.000170
0.000044 0.000597
0.000121 0.000454
0.015595 0.000436
0.000123 0.000361
0.000017 0.000424
0.000092 0.000267
0.000000 0.000411
0.000162 0.000339
0.000109 0.000251
0.000002 0.000476
0.000017 0.000780
0.000002 0.000565
0.000098 0.000414
0.001708 0.000337
0.000121 0.000438
0.000007 0.000427
0.000013 0.000413
0.000007 0.000432
0.000009 0.000697
0.000000 0.000568
0.000000 0.000406
0.000002 0.000613
0.000020 0.000532
0.002607 0.000440
0.002361 0.000252
0.004628 0.000423
0.002167 0.000377
0.001634 0.000817
0.001500 0.000882
0.000047 0.000855
0.000013 0.000870
0.003474 0.000535
0.003714 0.000625
0.008586 0.000286
0.013422 0.000423
0.005250 0.000418
0.006000 0.000476
0.000321 0.000611
0.000078 0.000964
0.001006 0.000807
0.000044 0.000819
0.000260 0.001331
0.000222 0.001199
0.000703 0.000961
0.000645 0.000780
0.000171 0.001013
0.000012 0.000993
0.000004 0.001026
0.000000 0.001048
0.000123 0.001356
0.000065 0.001113
0.000048 0.001618
0.001206 0.001512
0.000011 0.001241
0.000003 0.001450
0.000010 0.000863
0.000061 0.001333
0.000136 0.001513
0.000188 0.000985
0.000045 0.000941
0.000768 0.000841
0.021044 0.001280
0.006289 0.001826
0.006733 0.002367
0.003631 0.002479
0.025126 0.001193
0.002013 0.001902
0.000004 0.002245
0.001136 0.002284
0.004289 0.001590
0.000193 0.001601
0.004018 0.002428
0.001670 0.001833
0.001695 0.001540
0.003675 0.001773
0.000302 0.002192
0.001763 0.001766
0.000595 0.002586
0.000005 0.002779
0.001055 0.002305
0.001170 0.002086
0.006751 0.000988
0.000112 0.002089
0.000060 0.002113
0.000002 0.002250
0.000033 0.003789
0.003109 0.001697
0.006991 0.001935
0.003366 0.001970
0.000976 0.001726
0.004279 0.001604
0.004635 0.002495
0.000679 0.002346
0.003451 0.001581
0.001091 0.002416
0.011272 0.002388
0.011936 0.000591
0.000271 0.001535
0.010586 0.001583
0.000007 0.002101
0.000909 0.002956
0.002151 0.002046
0.000104 0.002587
0.000000 0.003951
0.001126 0.003072
0.005957 0.001831
0.000492 0.001641
0.001947 0.001205
0.000365 0.002241
0.000025 0.002821
0.000331 0.002594
0.000001 0.003357
0.000001 0.003175
0.000000 0.003853
0.000025 0.002170
0.000006 0.003120
0.000000 0.003755
0.001008 0.003413
0.000020 0.002544
0.000005 0.002663
0.002390 0.001978
0.002360 0.002079
0.000004 0.002687
0.007665 0.002422
0.003300 0.002397
0.000007 0.002617
0.000001 0.002426
0.000000 0.002814
0.000057 0.003662
0.002989 0.002340
0.003805 0.002367
0.005348 0.002078
0.004667 0.001808
0.000059 0.002355
0.000147 0.002335
0.000063 0.002833
0.004656 0.001580
0.001550 0.001815
0.000028 0.002412
0.001640 0.002593
0.000519 0.002887
0.003269 0.001211
0.002829 0.002430
0.000702 0.002815
0.000006 0.003577
0.000000 0.004111
0.000000 0.003672
0.000000 0.003634
0.000000 0.004476
0.000000 0.002392
0.000000 0.003003
0.000000 0.003886
0.000002 0.003257
0.000000 0.003778
0.000000 0.003768
0.000003 0.003378
0.000000 0.003737
0.000001 0.004071
0.000001 0.004613
0.000000 0.002466
0.000010 0.002599
0.000251 0.002657
0.017792 0.001627
0.014881 0.002399
0.001637 0.002112
0.000014 0.003060
0.025220 0.003072
0.011588 0.001721
0.002073 0.001987
0.001126 0.002681
0.013800 0.002329
0.002690 0.001801
0.001427 0.003782
0.004276 0.003180
0.025408 0.002657
0.009239 0.001318
0.000038 0.002343
0.000016 0.002145
0.000747 0.002243
0.000171 0.001901
0.000888 0.001807
0.000715 0.002322
0.000633 0.002025
0.000095 0.002158
0.004371 0.002078
0.006441 0.001620
0.002997 0.002340
0.009743 0.001654
0.000660 0.002644
0.000011 0.002267
0.002338 0.001791
0.000798 0.001690
0.000025 0.001472
0.003792 0.001341
0.001097 0.001148
0.000046 0.001780
0.000003 0.002312
0.000778 0.001666
0.000132 0.001431
0.000043 0.001566
0.000580 0.001834
0.000021 0.002377
0.000305 0.001937
0.000007 0.002550
0.000003 0.002273
0.000000 0.002297
0.002728 0.001418
0.036664 0.000605
0.001080 0.001352
0.000092 0.001597
0.002049 0.001119
0.000003 0.001606
0.002131 0.000734
0.003335 0.001059
0.001570 0.000882
0.003088 0.001423
0.012369 0.001326
0.000928 0.001400
0.000412 0.001261
0.004313 0.001405
0.002653 0.000733
0.000036 0.001264
0.000102 0.001014
0.000039 0.001799
0.000125 0.000996
0.000438 0.000508
0.001043 0.000265
0.002020 0.000879
0.000188 0.000753
0.000002 0.001104
0.000001 0.001346
0.000000 0.001135
0.000831 0.001285
0.005700 0.000587
0.009427 0.000545
0.002754 0.000553
0.000149 0.000866
0.001987 0.000883
0.003509 0.000928
0.000448 0.001081
0.000674 0.001271
0.000262 0.001204
0.000032 0.000827
0.000236 0.000683
0.001251 0.000641
0.001550 0.000592
0.000372 0.000391
0.020615 0.000351
0.000656 0.000346
0.008831 0.000331
0.006706 0.000325
0.005218 0.000322
0.031110 0.000338
0.015439 0.000416
0.000553 0.000689
0.007970 0.000507
0.015453 0.000408
0.011742 0.000562
0.007948 0.000826
0.000931 0.000570
0.000117 0.000765
0.005610 0.000529
0.003331 0.000575
0.000045 0.000569
0.015839 0.000212
0.000097 0.000749
0.000084 0.000146
0.004016 0.000128
0.000273 0.000297
0.001061 0.000566
0.000764 0.000289
0.000521 0.000093
0.003163 0.000092
0.000748 0.000287
0.000172 0.000354
0.002056 0.000573
0.000028 0.000771
0.000008 0.000354
0.000014 0.000563
0.006170 0.000008
0.000002 0.000065
0.007560 0.000183
0.006713 0.000556
0.000610 0.000369
0.000015 0.000028
0.000126 0.000018
0.000002 0.000046
0.000178 0.000002
0.000998 0.000117
0.000015 0.000316
0.002112 0.000042
0.000017 0.000635
0.000011 0.000333
0.000028 0.000020
0.000140 0.000192
0.001896 0.000329
0.010895 0.000169
0.001923 0.000834
0.000928 0.000300
0.001537 0.000115
0.006143 0.000527
0.000065 0.000540
0.000163 0.000577
0.003097 0.000406
0.008547 0.000334
0.002514 0.000403
0.012466 0.000679
0.018136 0.000534
0.000147 0.000500
0.002003 0.000297
0.009205 0.000539
0.002085 0.000609
0.020638 0.000507
0.029295 0.000745
0.001143 0.000529
0.034132 0.000325
0.006851 0.000964
0.000045 0.000531
0.016539 0.000049
0.011377 0.000868
0.001477 0.000567
0.023691 0.000198
0.013438 0.000268
0.004976 0.000364
0.015837 0.000233
0.011799 0.000335
0.006962 0.000818
0.002401 0.000273
0.014293 0.000185
0.013525 0.000754
0.007711 0.000840
0.000230 0.000269
0.000082 0.000068
0.004487 0.000221
0.000178 0.000058
0.002709 0.000176
0.005635 0.000021
0.004643 0.000021
0.007103 0.000089
0.002162 0.000011
0.001053 0.000062
0.007926 0.000182
0.001221 0.000143
0.000103 0.000015
0.007411 0.000335
0.004407 0.000174
0.000369 0.000319
0.004859 0.000182
0.014258 0.000468
0.013882 0.000461
0.006782 0.000315
0.003767 0.000088
0.001674 0.000360
0.000032 0.000332
0.012306 0.000354
0.020024 0.000599
0.002368 0.000697
0.002672 0.000843
0.007832 0.000509
0.007113 0.000465
0.000150 0.000323
0.012811 0.000215
0.010657 0.000628
0.000969 0.000640
0.005104 0.000369
0.001581 0.000505
0.020245 0.000534
0.004735 0.000830
0.022152 0.000392
0.004092 0.000479
0.000152 0.000713
0.003617 0.000099
0.002937 0.000209
0.006504 0.000267
0.004869 0.000637
0.005272 0.000854
0.010830 0.000863
0.022300 0.001025
0.006225 0.000677
0.005053 0.000984
0.010503 0.000849
0.003018 0.000768
0.000153 0.000487
0.008021 0.000570
0.007558 0.000552
0.000101 0.000588
0.000043 0.000759
0.001625 0.000685
0.024207 0.000435
0.000599 0.001065
0.000122 0.001193
0.005714 0.000899
0.000018 0.000829
0.000100 0.001053
0.000022 0.001034
0.000010 0.000633
0.000465 0.000946
0.000008 0.001313
0.000470 0.001595
0.001823 0.001358
0.002506 0.001209
0.000384 0.001847
0.020927 0.001198
0.016117 0.001345
0.000483 0.000983
0.000102 0.001401
0.000292 0.001652
0.001093 0.000859
0.001748 0.001267
0.002126 0.000946
0.006626 0.000928
0.000038 0.000986
0.000005 0.000856
0.010001 0.000968
0.002284 0.000768
0.003453 0.000739
0.005987 0.000362
0.000812 0.000678
0.007958 0.000778
0.004740 0.001309
0.007955 0.000812
0.001484 0.001994
0.000174 0.001387
0.000086 0.001742
0.000102 0.001744
0.000260 0.002063
0.001876 0.001978
0.000006 0.002387
0.000000 0.002420
0.000808 0.002102
0.000229 0.002047
0.000005 0.002540
0.000002 0.002310
0.000001 0.001969
0.000004 0.002364
0.002606 0.000961
0.002595 0.001422
0.001180 0.001900
0.012383 0.000428
0.000254 0.001498
0.005398 0.001238
0.000036 0.001719
0.000101 0.001971
0.010021 0.000876
0.000457 0.000626
0.000005 0.002428
0.000876 0.001783
0.000400 0.001278
0.002846 0.001843
0.003235 0.002343
0.008625 0.001601
0.002437 0.001498
0.007116 0.001868
0.009979 0.001273
0.005679 0.001447
0.004400 0.001644
0.002351 0.002343
0.000333 0.002651
0.000004 0.002172
0.000001 0.003072
0.000000 0.002811
0.000118 0.002843
0.000062 0.002764
0.003704 0.001846
0.001786 0.003405
0.002773 0.000830
0.000836 0.001463
0.007277 0.001582
0.008856 0.001567
0.000311 0.002684
0.000855 0.001796
0.009021 0.000739
0.000007 0.001785
0.000001 0.002747
0.000000 0.003308
0.000813 0.002652
0.001348 0.001915
0.004563 0.002055
0.017857 0.000678
0.001740 0.001689
0.000003 0.003417
0.015877 0.002484
0.001484 0.003262
0.008692 0.002338
0.003374 0.002594
0.000364 0.003394
0.000041 0.002636
0.000826 0.001703
0.005016 0.002094
0.000076 0.001616
0.000000 0.003502
0.000030 0.003016
0.000042 0.003720
0.000003 0.003054
0.000000 0.003267
0.000002 0.002743
0.000000 0.002499
0.002498 0.002634
0.000243 0.002347
0.000386 0.002176
0.000004 0.002706
0.000416 0.002226
0.001515 0.001827
0.000118 0.002425
0.000042 0.002559
0.000002 0.003630
0.001902 0.002431
0.002540 0.002843
0.007846 0.001294
0.000274 0.002595
0.001602 0.002643
0.006160 0.002920
0.002049 0.002167
0.000000 0.003878
0.000000 0.003953
0.000002 0.003615
0.005751 0.002303
0.000008 0.002742
0.004814 0.002029
0.000052 0.003061
0.003808 0.002058
0.000000 0.003572
0.000448 0.002797
0.006459 0.000898
0.000209 0.002417
0.000000 0.003214
0.000001 0.003647
0.000001 0.003295
0.000001 0.003941
0.000000 0.004017
0.007246 0.003083
0.001902 0.002584
0.000040 0.003366
0.000329 0.002534
0.001217 0.002775
0.001727 0.001944
0.002775 0.001606
0.017983 0.001235
0.002964 0.002387
0.000001 0.003133
0.009018 0.002569
0.004001 0.001965
0.000196 0.003112
0.022586 0.001939
0.000419 0.002524
0.010196 0.001107
0.001481 0.002356
0.006340 0.001783
0.000264 0.002284
0.015455 0.001666
0.000062 0.001875
0.002504 0.001906
0.000730 0.002193
0.000475 0.002193
0.000158 0.002245
0.002462 0.001986
0.003848 0.001322
0.001478 0.001712
0.001863 0.001874
0.000013 0.001909
0.000005 0.001700
0.000000 0.002383
0.003081 0.002139
0.013969 0.001939
0.002912 0.001466
0.000021 0.002089
0.002044 0.002171
0.000000 0.001625
0.000003 0.001838
0.000000 0.001227
0.000006 0.001434
0.000799 0.001007
0.000045 0.001259
0.000015 0.001751
0.000003 0.001405
0.000000 0.001192
0.000001 0.001697
0.000003 0.001645
0.000005 0.001210
0.000000 0.001092
0.000819 0.001136
0.002145 0.000328
0.000071 0.000886
0.000309 0.000852
0.000052 0.000741
0.000269 0.000686
0.000065 0.000899
0.000014 0.001104
0.000235 0.001110
0.001277 0.000895
0.000063 0.001323
0.001304 0.001079
0.000002 0.002041
0.000181 0.001294
0.000041 0.000884
0.000000 0.000802
0.001032 0.001085
0.000342 0.001049
0.002985 0.001277
0.074589 0.001062
0.001400 0.000678
0.014767 0.000922
0.005021 0.000895
0.000166 0.000566
0.006165 0.000602
0.006864 0.000400
0.003099 0.000556
0.000358 0.000417
0.000082 0.000422
0.000458 0.000611
0.000007 0.000812
0.002746 0.000659
0.003023 0.000421
0.014723 0.000563
0.011940 0.001163
0.003156 0.001274
0.006575 0.000796
0.000091 0.001205
0.001296 0.000735
0.002021 0.000767
0.002012 0.000697
0.001166 0.001078
0.007594 0.001294
0.012967 0.000783
0.020493 0.000446
0.000916 0.000212
0.000776 0.000105
0.004602 0.000675
0.009316 0.000746
0.007560 0.000645
0.006255 0.000222
0.017366 0.000120
0.000168 0.000128
0.007536 0.000316
0.001182 0.000285
0.004742 0.000225
0.001027 0.000029
0.000672 0.000012
0.005997 0.000306
0.003806 0.000442
0.004582 0.000582
0.013302 0.000273
0.000051 0.000007
0.004663 0.000000
0.002765 0.000156
0.001964 0.000031
0.002553 0.000180
0.000094 0.000003
0.005826 0.000176
0.001540 0.000066
0.000090 0.000018
0.000083 0.000232
0.001112 0.000000
0.002408 0.000000
0.001403 0.000000
0.000815 0.000003
0.000636 0.000030
0.000077 0.000001
0.001736 0.000000
0.000053 0.000043
0.000165 0.000000
0.000165 0.000004
0.000007 0.000031
0.008214 0.000108
0.009958 0.000303
0.000975 0.000165
0.019453 0.000315
0.017704 0.000649
0.006961 0.000415
0.001375 0.000078
0.005106 0.000157
0.004189 0.000490
0.000367 0.000180
0.006161 0.000183
0.001964 0.000165
0.006991 0.000326
0.005552 0.000524
0.001178 0.000594
0.022289 0.000385
0.008891 0.000505
0.002935 0.000168
0.003221 0.000396
0.000089 0.000003
0.000218 0.000000
0.001691 0.000000
0.000116 0.000000
0.000448 0.000000
0.000010 0.000052
0.004186 0.000345
0.027827 0.000494
0.004450 0.000676
0.000041 0.000118
0.000209 0.000033
0.007433 0.000154
0.003737 0.000112
0.016640 0.000459
0.011325 0.000433
0.019925 0.000860
0.010171 0.000595
0.020404 0.000528
0.002782 0.000831
0.000268 0.000398
0.025594 0.000441
0.012227 0.000984
0.001994 0.000451
0.002193 0.000124
0.002535 0.000184
0.000070 0.000027
0.000031 0.000053
0.000166 0.000049
0.000065 0.000003
0.005633 0.000305
0.000226 0.000343
0.004001 0.000348
0.000636 0.000449
0.008311 0.000374
0.008683 0.000453
0.000545 0.000316
0.002463 0.000287
0.000813 0.000609
0.000043 0.000727
0.000005 0.000376
0.000776 0.000231
0.000321 0.000384
0.000019 0.000183
0.000001 0.000042
0.000045 0.000122
0.000090 0.000189
0.000084 0.000270
0.000008 0.000109
0.000117 0.000236
0.000487 0.000293
0.000793 0.000337
0.000149 0.000196
0.004410 0.000432
0.000456 0.000424
0.001205 0.000682
0.006348 0.000727
0.001346 0.000652
0.000469 0.000448
0.000248 0.000500
0.010655 0.000172
0.008468 0.000814
0.001827 0.000888
0.013021 0.000410
0.001105 0.000748
0.003075 0.000837
0.018520 0.000651
0.002278 0.000980
0.001888 0.000864
0.004664 0.000934
0.000378 0.001141
0.000241 0.001037
0.008019 0.001299
0.008020 0.001167
0.000267 0.001082
0.004555 0.000870
0.000068 0.001273
0.008765 0.000787
0.021670 0.000562
0.000232 0.000487
0.000000 0.000740
0.000389 0.000697
0.001672 0.000246
0.000460 0.000470
0.000008 0.000665
0.000001 0.000870
0.000011 0.000972
0.000005 0.001180
0.000587 0.001054
0.000024 0.001254
0.002282 0.000930
0.005665 0.001078
0.000246 0.001029
0.009220 0.001381
0.008440 0.001101
0.003934 0.001001
0.012330 0.001250
0.002251 0.001557
0.000778 0.001312
0.004500 0.001433
0.001290 0.000649
0.000126 0.001107
0.000042 0.001888
0.000008 0.001675
0.000062 0.001702
0.000001 0.001871
0.000010 0.002394
0.002058 0.002248
0.006465 0.001954
0.006681 0.001415
0.000224 0.001298
0.003256 0.001480
0.000022 0.001870
0.000000 0.001964
0.000000 0.001828
0.000006 0.002313
0.000249 0.001472
0.000064 0.001943
0.000000 0.002820
0.000000 0.002800
0.000001 0.002377
0.008269 0.001651
0.000773 0.001731
0.000098 0.002087
0.003897 0.001990
0.008760 0.001880
0.004370 0.001560
0.000415 0.001965
0.000008 0.002049
0.013077 0.001540
0.012102 0.000989
0.005516 0.002589
0.011313 0.001258
0.003226 0.001561
0.000013 0.002487
0.016416 0.001921
0.001107 0.001770
0.012110 0.001498
0.003598 0.002907
0.000656 0.002622
0.000150 0.002445
0.000004 0.002031
0.001304 0.002215
0.000342 0.003087
0.007460 0.002209
0.006267 0.001623
0.000804 0.002160
0.000597 0.002986
0.000560 0.001974
0.000140 0.002357
0.001056 0.003180
0.000012 0.002225
0.000000 0.002351
0.000000 0.002743
0.008075 0.001686
0.001411 0.002905
0.002116 0.002270
0.008730 0.002786
0.000499 0.002236
0.021853 0.001971
0.000554 0.002523
0.000000 0.003429
0.000001 0.002637
0.001963 0.002600
0.005247 0.002919
0.000029 0.003426
0.000150 0.002521
0.000000 0.003366
0.000000 0.004262
0.000000 0.004681
0.000169 0.003464
0.002007 0.001491
0.000027 0.002028
0.001448 0.002233
0.001167 0.002015
0.000014 0.002475
0.000021 0.002184
0.000456 0.001886
0.007941 0.002190
0.004081 0.002257
0.001619 0.001740
0.000488 0.002531
0.000538 0.001693
0.002903 0.001564
0.001878 0.001670
0.005153 0.003496
0.003277 0.002867
0.000332 0.002446
0.000001 0.003453
0.001692 0.003692
0.000803 0.002430
0.018180 0.003901
0.000659 0.002204
0.000816 0.002243
0.011415 0.002242
0.005174 0.002271
0.002892 0.002164
0.000237 0.002986
0.002989 0.002393
0.006378 0.002402
0.005104 0.002761
0.004348 0.001481
0.000228 0.001952
0.000000 0.002926
0.014217 0.002228
0.001378 0.002466
0.012583 0.003101
0.001214 0.002047
0.001736 0.001666
0.002675 0.002230
0.001870 0.002344
0.001170 0.003017
0.001133 0.002039
0.005329 0.002171
0.014874 0.001720
0.015340 0.001233
0.008211 0.001266
0.003595 0.002092
0.000742 0.002393
0.005887 0.001949
0.001790 0.002493
0.002037 0.001788
0.004679 0.003068
0.000890 0.002134
0.004004 0.001894
0.000302 0.002162
0.000093 0.002431
0.000894 0.002756
0.000205 0.001855
0.002507 0.002386
0.000014 0.002023
0.000004 0.002545
0.010863 0.002782
0.008294 0.001021
0.000007 0.002106
0.000012 0.001900
0.000004 0.002611
0.002050 0.001341
0.002323 0.001818
0.003690 0.002009
0.001677 0.001935
0.022666 0.001372
0.005399 0.002739
0.000013 0.001552
0.002390 0.002134
0.008560 0.001918
0.001351 0.002118
0.007002 0.002247
0.000830 0.002195
0.000005 0.001867
0.000077 0.001365
0.001109 0.001407
0.001185 0.001313
0.000079 0.001431
0.000859 0.001433
0.000000 0.001991
0.000011 0.002027
0.000058 0.001674
0.000004 0.001002
0.000037 0.001133
0.000001 0.001861
0.004774 0.001989
0.008891 0.001109
0.000386 0.001318
0.004562 0.000574
0.000025 0.000999
0.000016 0.001246
0.001025 0.000942
0.000031 0.001018
0.000063 0.001268
0.007204 0.000886
0.001182 0.000812
0.000518 0.000981
0.002797 0.000863
0.001860 0.001356
0.000005 0.001442
0.000004 0.000771
0.000033 0.001082
0.000011 0.000933
0.000038 0.001104
0.000024 0.000934
0.000028 0.000889
0.000114 0.000784
0.000018 0.000516
0.000065 0.000677
0.012208 0.000512
0.001660 0.000449
0.001663 0.000464
0.000033 0.000624
0.000006 0.000490
0.000251 0.000396
0.000747 0.000445
0.002116 0.000599
0.000081 0.000429
0.000107 0.000354
0.000094 0.000325
0.000070 0.000337
0.000029 0.000353
0.000059 0.000374
0.000154 0.000281
0.004092 0.000539
0.000994 0.000675
0.000001 0.001508
0.008749 0.000780
0.001325 0.000540
0.000424 0.000535
0.000019 0.000610
0.001298 0.000244
0.010921 0.000131
0.003282 0.000319
0.005139 0.000099
0.001404 0.000295
0.000041 0.000130
0.000142 0.000094
0.005711 0.000020
0.000375 0.000000
0.002159 0.000021
0.005708 0.000206
0.008167 0.000152
0.024924 0.000443
0.011769 0.000624
0.012383 0.000656
0.002138 0.000368
0.011426 0.000776
0.007124 0.000706
0.026693 0.000375
0.009234 0.000108
0.000145 0.000842
0.013402 0.000469
0.011626 0.000587
0.002094 0.000646
0.005786 0.000365
0.001085 0.000469
0.000338 0.000024
0.004198 0.000131
0.000847 0.000253
0.000093 0.000239
0.001377 0.000056
0.010216 0.000345
0.020113 0.000475
0.010661 0.000464
0.006258 0.000140
0.005718 0.000120
0.002959 0.000535
0.036787 0.000000
0.034569 0.000689
0.034991 0.000652
0.004346 0.000226
0.006074 0.000197
0.007636 0.000592
0.016563 0.000768
0.002501 0.000444
0.003903 0.000414
0.007229 0.000019
0.001851 0.000000
0.000251 0.000000
0.002049 0.000003
0.004203 0.000021
0.004306 0.000469
0.011252 0.000524
0.017740 0.000592
0.006371 0.000637
0.026426 0.000647
0.008984 0.000628
0.017165 0.000679
0.001734 0.000640
0.040172 0.000182
0.014541 0.000002
0.000290 0.000001
0.003219 0.000571
0.018080 0.000664
0.008538 0.000628
0.011103 0.000163
0.005494 0.000405
0.008827 0.000234
0.009235 0.000169
0.013443 0.000161
0.022809 0.000095
0.011452 0.000145
0.002683 0.000345
0.005635 0.000000
0.020142 0.000000
0.005979 0.000239
0.002014 0.000011
0.003110 0.000084
0.006755 0.000058
0.000107 0.000154
0.000026 0.000141
0.003111 0.000053
0.000464 0.000009
0.002001 0.000000
0.000229 0.000000
0.000023 0.000006
0.010869 0.000047
0.004296 0.000352
0.004224 0.000482
0.001213 0.000279
0.019104 0.000746
0.037984 0.000680
0.004763 0.000252
0.014312 0.000593
0.003800 0.001119
0.003142 0.000767
0.009014 0.000189
0.004975 0.001025
0.001452 0.001218
0.004341 0.000414
0.001163 0.000178
0.008658 0.000522
0.008248 0.000253
0.013728 0.000695
0.004686 0.000406
0.001026 0.000369
0.000085 0.000387
0.000150 0.000192
0.001482 0.000143
0.004734 0.000348
0.002419 0.000294
0.000152 0.000504
0.022743 0.000716
0.000702 0.000206
0.000461 0.000293
0.007720 0.000371
0.002704 0.000730
0.001275 0.000563
0.000124 0.000738
0.000100 0.000506
0.000057 0.000368
0.000106 0.000409
0.000006 0.000364
0.000032 0.000424
0.000036 0.000479
0.016807 0.000602
0.002195 0.000739
0.001752 0.000660
0.005467 0.000559
0.007811 0.000504
0.001299 0.000643
0.000051 0.000645
0.001043 0.000868
0.003976 0.000498
0.000130 0.000518
0.000014 0.000546
0.001357 0.000601
0.000255 0.000637
0.000006 0.000795
0.000001 0.001193
0.000270 0.000710
0.000253 0.000601
0.000023 0.000700
0.000006 0.000551
0.000000 0.000839
0.000006 0.001118
0.000003 0.001175
0.000000 0.000981
0.001668 0.000840
0.000954 0.000822
0.001640 0.001741
0.021553 0.001190
0.013114 0.001365
0.000297 0.001158
0.002636 0.001016
0.000459 0.001150
0.000107 0.001200
0.013847 0.000711
0.003196 0.000861
0.003427 0.000923
0.005508 0.000682
0.003168 0.000967
0.003323 0.001269
0.002127 0.001278
0.002973 0.001136
0.004497 0.001319
0.000060 0.001425
0.001058 0.001208
0.007620 0.000819
0.002640 0.000839
0.000091 0.001188
0.005917 0.000872
0.000963 0.001696
0.000400 0.001666
0.000119 0.002287
0.000002 0.002473
0.000005 0.002638
0.000009 0.002479
0.000062 0.001720
0.000279 0.001695
0.000278 0.001865
0.000189 0.001971
0.001650 0.001680
0.000330 0.001798
0.007099 0.001151
0.005530 0.001178
0.001620 0.002212
0.005135 0.001181
0.002737 0.002210
0.000456 0.002665
0.000233 0.002284
0.000058 0.002582
0.000010 0.002081
0.000622 0.001419
0.000012 0.003057
0.000009 0.003961
0.000000 0.003296
0.000001 0.003056
0.000048 0.003529
0.000063 0.001869
0.000000 0.003087
0.000000 0.002631
0.000000 0.002544
0.002482 0.002411
0.000607 0.001538
0.005143 0.001289
0.006405 0.002564
0.000265 0.002241
0.000930 0.002531
0.000346 0.003117
0.000000 0.002671
0.005559 0.001652
0.001470 0.001266
0.000017 0.001826
0.000001 0.002470
0.000071 0.002873
0.000001 0.002371
0.000114 0.003119
0.000262 0.002846
0.000000 0.002915
0.000241 0.002434
0.000000 0.002760
0.000000 0.003490
0.002609 0.003724
0.003671 0.002951
0.000016 0.002455
0.000137 0.002727
0.002990 0.000748
0.007001 0.000618
0.003298 0.001500
0.001454 0.000734
0.001060 0.001757
0.001886 0.001567
0.001888 0.001422
0.001817 0.001506
0.000000 0.002504
0.010142 0.001761
0.000243 0.002838
0.001543 0.002798
0.000015 0.003018
0.000589 0.003339
0.003448 0.002436
0.002281 0.002182
0.003990 0.002249
0.000031 0.003158
0.003389 0.001928
0.008109 0.001812
0.007147 0.002231
0.006975 0.002454
0.001901 0.002222
0.000310 0.002804
0.014181 0.001826
0.000121 0.002427
0.004488 0.002135
0.007379 0.002900
0.000958 0.002894
0.013133 0.001389
0.006053 0.001911
0.000167 0.001889
0.000017 0.002024
0.004116 0.002565
0.000005 0.002844
0.004948 0.001464
0.000013 0.002675
0.000042 0.002136
0.000541 0.002687
0.014444 0.004619
0.006259 0.002266
0.000054 0.002907
0.000321 0.002210
0.000268 0.002181
0.005220 0.001399
0.002893 0.002403
0.013695 0.001938
0.000069 0.002770
0.007851 0.001864
0.000141 0.002250
0.001484 0.002330
0.000122 0.002305
0.000003 0.002172
0.008757 0.001545
0.010200 0.001696
0.001003 0.001826
0.000329 0.002062
0.002627 0.002584
0.005704 0.002951
0.000003 0.003214
0.003794 0.002044
0.013908 0.001611
0.000818 0.001169
0.002940 0.002000
0.000483 0.002475
0.000001 0.001599
0.000071 0.002759
0.000004 0.003058
0.000005 0.002897
0.000002 0.002155
0.007058 0.001239
0.014559 0.001401
0.001572 0.002173
0.000742 0.001720
0.009596 0.001455
0.000018 0.002589
0.000582 0.001051
0.000013 0.002439
0.006694 0.001667
0.000393 0.001258
0.000004 0.002241
0.001881 0.002190
0.000374 0.002166
0.003412 0.001822
0.001605 0.001727
0.005012 0.001080
0.000308 0.001401
0.000441 0.001147
0.000931 0.001655
0.000580 0.001463
0.022134 0.001390
0.019268 0.001269
0.000346 0.001523
0.000099 0.002083
0.001396 0.001668
0.002776 0.001140
0.000279 0.000903
0.002764 0.001128
0.000013 0.001342
0.000013 0.001557
0.001176 0.001063
0.000003 0.001021
0.000003 0.001040
0.014940 0.000940
0.001800 0.001456
0.000193 0.001361
0.004849 0.001567
0.002321 0.001374
0.001757 0.000668
0.000598 0.001405
0.008294 0.001221
0.004778 0.001656
0.001193 0.001038
0.000186 0.000607
0.000042 0.000745
0.000015 0.000903
0.000004 0.000930
0.000003 0.001341
0.000162 0.001110
0.000045 0.000667
0.000178 0.000613
0.000101 0.000467
0.001564 0.000446
0.000683 0.000478
0.002922 0.000574
0.004905 0.000507
0.002893 0.000452
0.000431 0.000384
0.009513 0.000500
0.012471 0.000693
0.000626 0.000624
0.002468 0.000549
0.000778 0.000289
0.000586 0.000160
0.002583 0.000247
0.001376 0.000376
0.000399 0.000217
0.000078 0.000155
0.000147 0.000622
0.001709 0.000841
0.000030 0.000505
0.000092 0.000125
0.000011 0.000221
0.001833 0.000090
0.000046 0.000213
0.000151 0.000269
0.001170 0.000110
0.004143 0.000179
0.005359 0.000607
0.012833 0.000463
0.000164 0.000220
0.004221 0.000144
0.002922 0.000036
0.000263 0.000135
0.010000 0.000127
0.000133 0.000152
0.006524 0.000070
0.000882 0.000310
0.002576 0.000428
0.007163 0.000536
0.000749 0.000270
0.000554 0.000031
0.000317 0.000021
0.000074 0.000001
0.026902 0.000119
0.003838 0.000302
0.000022 0.000002
0.000070 0.000002
0.000092 0.000001
0.000562 0.000000
0.000451 0.000044
0.000014 0.000014
0.000129 0.000024
0.000034 0.000352
0.000010 0.000349
0.000086 0.000001
0.000053 0.000014
0.000002 0.000005
0.000038 0.000001
0.005640 0.000000
0.001307 0.000398
0.001332 0.000059
0.000595 0.000157
0.000177 0.000289
0.000079 0.000234
0.000953 0.000006
0.002346 0.000000
0.000052 0.000054
0.001532 0.000068
0.001178 0.000006
0.001136 0.000017
0.000003 0.000117
0.000084 0.000033
0.007588 0.000136
0.002946 0.000268
0.003104 0.000424
0.029883 0.000545
0.005334 0.000567
0.008691 0.000691
0.000949 0.000655
0.000003 0.000095
0.000003 0.000074
0.000007 0.000188
0.000004 0.000460
0.006797 0.000649
0.003251 0.000192
0.000280 0.000064
0.000047 0.000502
0.000001 0.000331
0.000298 0.000019
0.000618 0.000048
0.000134 0.000000
0.006383 0.000009
0.002255 0.000343
0.001581 0.000513
0.001897 0.000884
0.003677 0.000323
0.000517 0.000509
0.007877 0.000044
0.001115 0.000004
0.000370 0.000000
0.000151 0.000000
0.000001 0.000147
0.000101 0.000034
0.000084 0.000002
0.000295 0.000001
0.000331 0.000028
0.000018 0.000022
0.002412 0.000245
0.000003 0.000443
0.000058 0.000256
0.002386 0.000150
0.003363 0.000046
0.000297 0.000014
0.000388 0.000052
0.007552 0.000115
0.000446 0.000081
0.001601 0.000629
0.006841 0.000707
0.002356 0.000338
0.000132 0.000100
0.007594 0.000215
0.001358 0.000129
0.000082 0.000177
0.000102 0.000341
0.004175 0.000287
0.012314 0.000247
0.001255 0.000546
0.000004 0.000465
0.000126 0.000467
0.002134 0.000269
0.000251 0.000670
0.000866 0.000263
0.004249 0.000537
0.000292 0.000561
0.001272 0.000990
0.007120 0.000683
0.019160 0.000969
0.006918 0.000219
0.011010 0.000499
0.004161 0.000631
0.020472 0.000655
0.006463 0.000464
0.000089 0.000456
0.000890 0.000571
0.003664 0.000833
0.010014 0.000447
0.002851 0.000405
0.000534 0.000460
0.001691 0.000490
0.005770 0.000689
0.003670 0.000940
0.000002 0.001188
0.000915 0.000477
0.003253 0.000272
0.000065 0.000682
0.000863 0.001112
0.000009 0.001728
0.000362 0.001149
0.003583 0.001109
0.009808 0.000453
0.009844 0.000569
0.006492 0.001134
0.001615 0.001291
0.000708 0.001246
0.028336 0.000350
0.000108 0.000988
0.000034 0.001275
0.000000 0.001624
0.000008 0.001701
0.000000 0.001367
0.002461 0.000782
0.012837 0.000595
0.014022 0.001035
0.007236 0.001415
0.004444 0.001152
0.000002 0.001790
0.002368 0.001661
0.000000 0.002104
0.000000 0.001850
0.000003 0.001699
0.000000 0.001431
0.000000 0.002214
0.000067 0.001818
0.000025 0.002018
0.000376 0.001599
0.000004 0.002123
0.000096 0.001615
0.000783 0.001241
0.000451 0.002075
0.005420 0.001109
0.000588 0.001428
0.000002 0.001639
0.000015 0.001569
0.000081 0.002147
0.000055 0.001630
0.000000 0.001875
0.002039 0.002449
0.000863 0.001970
0.001875 0.001579
0.000021 0.001890
0.001184 0.001723
0.000135 0.001463
0.000000 0.001415
0.000000 0.002391
0.000147 0.002093
0.000027 0.001928
0.000000 0.003385
0.000000 0.003245
0.000006 0.003315
0.000003 0.002472
0.000001 0.002120
0.000000 0.002542
0.000000 0.002911
0.000000 0.002408
0.000000 0.003090
0.002823 0.001888
0.002680 0.001644
0.000864 0.003274
0.016874 0.001303
0.001886 0.002219
0.000072 0.002179
0.000022 0.003038
0.005765 0.001749
0.008840 0.001527
0.000358 0.002156
0.003412 0.002112
0.000023 0.003055
0.000006 0.003128
0.000001 0.004693
0.000000 0.005027
0.005508 0.002793
0.000121 0.002514
0.002590 0.001370
0.001063 0.002337
0.000001 0.003873
0.002514 0.002427
0.000011 0.002517
0.000009 0.003013
0.006415 0.003134
0.021922 0.001465
0.024436 0.001251
0.003470 0.003113
0.013128 0.001402
0.004608 0.002409
0.002533 0.001801
0.004435 0.002162
0.000108 0.002604
0.000023 0.002043
0.000845 0.002425
0.004426 0.002830
0.000044 0.002280
0.000000 0.004370
0.000000 0.004557
0.000000 0.003723
0.001080 0.003469
0.000104 0.001908
0.003010 0.002047
0.000995 0.002478
0.000000 0.003255
0.000000 0.003159
0.012413 0.002129
0.007054 0.000726
0.011910 0.001631
0.009791 0.000696
0.000409 0.000759
0.000235 0.002619
0.000730 0.002810
0.009107 0.002910
0.018413 0.000773
0.001586 0.002004
0.000288 0.002002
0.002387 0.001766
0.000009 0.003721
0.002485 0.002051
0.004485 0.001590
0.000032 0.002037
0.000000 0.003103
0.002821 0.002668
0.002757 0.002656
0.003035 0.001453
0.000005 0.003448
0.000003 0.004528
0.000000 0.004334
0.005590 0.001848
0.001961 0.001914
0.003078 0.001640
0.005977 0.001728
0.006087 0.001418
0.000008 0.002921
0.004086 0.001952
0.013157 0.001972
0.007421 0.002159
0.001147 0.002151
0.003454 0.002305
0.008368 0.002104
0.006980 0.002189
0.004492 0.001974
0.014351 0.001797
0.002587 0.002165
0.000125 0.002142
0.003406 0.002287
0.014701 0.001528
0.002697 0.002386
0.000253 0.001924
0.000001 0.002431
0.000338 0.002700
0.003107 0.001722
0.001691 0.001786
0.003165 0.002390
0.023663 0.001312
0.002392 0.002560
0.009211 0.001987
0.015780 0.002701
0.003878 0.001812
0.000773 0.002248
0.000012 0.002067
0.000509 0.001545
0.004235 0.001119
0.000350 0.001643
0.001900 0.002029
0.004348 0.001382
0.000112 0.001663
0.000124 0.001648
0.001648 0.001643
0.000029 0.001328
0.000005 0.001742
0.000153 0.001748
0.000012 0.001652
0.000005 0.001936
0.000492 0.001541
0.008566 0.000896
0.001516 0.001161
0.000858 0.001592
0.010692 0.000848
0.003024 0.001384
0.000997 0.001289
0.007805 0.000969
0.002875 0.001462
0.009014 0.001522
0.004734 0.001022
0.001752 0.001535
0.001935 0.001272
0.003760 0.000927
0.003398 0.000856
0.000156 0.000709
0.000260 0.001273
0.006864 0.000735
0.001204 0.000760
0.001185 0.000789
0.000005 0.000994
0.014467 0.000981
0.001109 0.000598
0.000013 0.000693
0.009462 0.001005
0.001169 0.001155
0.005708 0.001268
0.002877 0.000872
0.006602 0.000534
0.001305 0.001572
0.002687 0.001440
0.011269 0.000822
0.000156 0.001225
0.001101 0.000886
0.000042 0.000916
0.000072 0.000636
0.003280 0.000660
0.008848 0.001007
0.011007 0.000902
0.014035 0.001036
0.005543 0.000875
0.000826 0.000697
0.004917 0.000972
0.007404 0.000674
0.003989 0.001104
0.000878 0.000392
0.012179 0.000341
0.003276 0.000313
0.004565 0.000560
0.000101 0.000746
0.001815 0.000249
0.003444 0.000508
0.000015 0.000723
0.000045 0.000549
0.000436 0.000387
0.000104 0.001020
0.000008 0.000616
0.001565 0.000197
0.000895 0.000396
0.001532 0.000574
0.000137 0.000141
0.000587 0.000319
0.000577 0.000250
0.000077 0.000253
0.005628 0.000230
0.000088 0.000360
0.002260 0.000117
0.000843 0.000772
0.000161 0.000603
0.000016 0.000118
0.000011 0.000452
0.001421 0.000272
0.000175 0.000104
0.002513 0.000035
0.000189 0.000342
0.001907 0.000421
0.000004 0.000489
0.007907 0.000083
0.007236 0.000000
0.006920 0.000017
0.033215 0.000043
0.000715 0.000077
0.000707 0.000057
0.000117 0.000256
0.004406 0.000234
0.000614 0.000356
0.000496 0.000194
0.000003 0.000255
0.000722 0.000389
0.000244 0.000174
0.000437 0.000058
0.000128 0.000116
0.000064 0.000049
0.000114 0.000500
0.014406 0.000727
0.002148 0.000570
0.000014 0.000421
0.000017 0.000168
0.000008 0.000004
0.000071 0.000000
0.005593 0.000015
0.002972 0.000155
0.002995 0.000051
0.000204 0.000067
0.001375 0.000022
0.002292 0.000116
0.000344 0.000002
0.001048 0.000006
0.000111 0.000017
0.000100 0.000003
0.000456 0.000000
0.003194 0.000303
0.015637 0.000372
0.021287 0.000026
0.000032 0.000001
0.000007 0.000126
0.000562 0.000122
0.003957 0.000037
0.003432 0.000084
0.000660 0.000387
