# Generated by from get_rainpet.bsh start_date=2010-01-01 end_date=2017-12-31
# dt [h]: Time step
24

################################################################################
# R [m/dt]:  Rainfall
# Ep [m/dt]: Potential evapotranspiration

# R Ep
0.002762 0.000111
0.002572 0.000201
0.002343 0.000009
0.000118 0.000019
0.015603 0.000050
0.005436 0.000123
0.000793 0.000000
0.000161 0.000003
0.000528 0.000000
0.000057 0.000719
0.000482 0.000311
0.001683 0.000276
0.003858 0.000207
0.000434 0.000000
0.006949 0.000171
0.000717 0.000216
0.003636 0.000045
0.000071 0.000018
0.000803 0.000053
0.000424 0.000292
0.003465 0.000360
0.000287 0.000043
0.005324 0.000000
0.000763 0.000031
0.000015 0.000133
0.000158 0.000168
0.000015 0.000456
0.003021 0.000256
0.000001 0.000441
0.000000 0.000398
0.000000 0.000354
0.003510 0.000334
0.001274 0.000170
0.000450 0.000159
0.000138 0.000111
0.003823 0.000166
0.000917 0.000035
0.002282 0.000000
0.000453 0.000235
0.001093 0.000368
0.000016 0.000367
0.000750 0.000251
0.002087 0.000260
0.000070 0.000232
0.000632 0.000116
0.001773 0.000160
0.000066 0.000120
0.000014 0.000152
0.000017 0.000128
0.000089 0.000209
0.000011 0.000287
0.000020 0.000217
0.000212 0.000304
0.003714 0.000375
0.005029 0.000261
0.010502 0.000194
0.018205 0.000186
0.002474 0.000459
0.002753 0.000570
0.000214 0.000726
0.000012 0.000733
0.000001 0.000500
0.000012 0.000637
0.000013 0.000694
0.000002 0.000525
0.000127 0.000567
0.000000 0.000458
0.000001 0.000645
0.000000 0.000886
0.000013 0.000912
0.000001 0.000867
0.000000 0.001195
0.000006 0.001264
0.000055 0.001170
0.000027 0.000867
0.000005 0.001190
0.001639 0.001390
0.002329 0.001924
0.001123 0.000887
0.002844 0.000946
0.002668 0.001052
0.000964 0.000645
0.002768 0.000628
0.018336 0.000523
0.001301 0.000776
0.000009 0.001731
0.004922 0.001306
0.019950 0.000753
0.022397 0.000223
0.008455 0.000758
0.000028 0.001726
0.005467 0.001235
0.000719 0.000862
0.003232 0.001072
0.002224 0.001119
0.003822 0.001315
0.000012 0.001750
0.000059 0.001626
0.000000 0.001270
0.000000 0.002091
0.000000 0.002246
0.000003 0.002241
0.000000 0.001521
0.000000 0.001908
0.000000 0.001421
0.000000 0.002738
0.000020 0.002453
0.000672 0.001148
0.000160 0.001476
0.000420 0.002474
0.000000 0.002398
0.000000 0.001917
0.000423 0.001098
0.002038 0.002108
0.001138 0.001390
0.000006 0.002484
0.000736 0.001533
0.000075 0.002215
0.000003 0.001792
0.001299 0.001852
0.000653 0.001310
0.000527 0.001543
0.000009 0.002013
0.000070 0.001776
0.003123 0.001413
0.000629 0.001307
0.000035 0.002424
0.000080 0.002336
0.000415 0.002042
0.000034 0.001687
0.000039 0.001994
0.000959 0.002394
0.000724 0.002150
0.002484 0.001867
0.003657 0.003063
0.000011 0.002332
0.000750 0.002568
0.000065 0.003703
0.000002 0.001925
0.000003 0.002386
0.000041 0.003369
0.000001 0.004451
0.000004 0.003683
0.000493 0.002678
0.000552 0.002330
0.000381 0.002150
0.002756 0.002147
0.000011 0.002822
0.002303 0.001754
0.000263 0.002245
0.001048 0.003388
0.000292 0.001747
0.000000 0.003354
0.000000 0.004098
0.000000 0.003670
0.000908 0.003306
0.001835 0.000662
0.002954 0.001430
0.003124 0.000640
0.000060 0.000980
0.000001 0.001921
0.000000 0.002300
0.000004 0.002877
0.000851 0.001418
0.000001 0.002036
0.000000 0.002888
0.000000 0.003183
0.000000 0.003395
0.000000 0.003271
0.000000 0.003248
0.000000 0.003294
0.000000 0.003376
0.000000 0.004617
0.000011 0.002911
0.000000 0.002902
0.000000 0.002657
0.000002 0.002957
0.000000 0.003793
0.002207 0.003320
0.000002 0.003130
0.000262 0.003594
0.009662 0.002131
0.000022 0.003759
0.000861 0.003785
0.005132 0.002609
0.000304 0.003180
0.003443 0.002203
0.000002 0.003632
0.000010 0.003155
0.010151 0.001970
0.003993 0.001459
0.000056 0.002622
0.000003 0.002126
0.007540 0.002544
0.025666 0.001283
0.009854 0.001745
0.000515 0.002451
0.001521 0.002747
0.002676 0.002055
0.002375 0.001530
0.014036 0.002155
0.009742 0.001690
0.000001 0.002100
0.000000 0.003061
0.000002 0.001907
0.000009 0.001928
0.000505 0.001659
0.000790 0.002589
0.000338 0.001776
0.000133 0.002271
0.001037 0.001541
0.000477 0.001865
0.007312 0.001712
0.001875 0.001569
0.000064 0.001966
0.000001 0.002154
0.000220 0.002241
0.001644 0.001263
0.000220 0.001533
0.000214 0.002087
0.004701 0.001673
0.003769 0.001753
0.002303 0.001679
0.004191 0.002059
0.000030 0.001866
0.000009 0.002206
0.000003 0.002753
0.006766 0.001434
0.000023 0.001652
0.000724 0.002094
0.010784 0.002370
0.008320 0.001871
0.000167 0.002744
0.000172 0.002690
0.004868 0.000997
0.001090 0.001632
0.000099 0.001834
0.000067 0.001764
0.000026 0.001858
0.000203 0.001588
0.000396 0.002491
0.000001 0.002292
0.000000 0.002274
0.000020 0.001510
0.000001 0.002077
0.000001 0.002121
0.000002 0.001747
0.000002 0.002020
0.012701 0.002520
0.008406 0.001310
0.000094 0.001284
0.001205 0.001557
0.006117 0.001218
0.000017 0.001428
0.001610 0.001813
0.009620 0.000954
0.004740 0.001983
0.000072 0.001979
0.000080 0.001870
0.000000 0.001771
0.005076 0.001137
0.004460 0.000585
0.000074 0.001035
0.000006 0.000892
0.010554 0.000923
0.005577 0.000684
0.000069 0.001478
0.000022 0.001347
0.000494 0.001000
0.000668 0.000162
0.010994 0.000554
0.014525 0.000432
0.003237 0.000829
0.006544 0.000632
0.000914 0.000922
0.001169 0.000567
0.003728 0.001193
0.008170 0.001329
0.000660 0.001030
0.000004 0.000907
0.000048 0.000523
0.000009 0.000773
0.000000 0.000863
0.000002 0.000529
0.000002 0.000356
0.000055 0.000284
0.000016 0.000252
0.000401 0.000639
0.000289 0.000460
0.000083 0.000532
0.001782 0.000900
0.000109 0.000611
0.005577 0.000751
0.003310 0.000649
0.016480 0.000323
0.002347 0.000481
0.000015 0.000458
0.004155 0.000469
0.001307 0.000367
0.001177 0.001047
0.003533 0.000658
0.000558 0.000974
0.000006 0.000540
0.000001 0.000140
0.005997 0.000227
0.004223 0.000743
0.007779 0.000725
0.002760 0.000185
0.001559 0.000266
0.009228 0.000074
0.009071 0.000288
0.012357 0.000719
0.000877 0.000663
0.004156 0.000221
0.009799 0.000615
0.000835 0.000959
0.013197 0.000271
0.001753 0.000056
0.000510 0.000032
0.000133 0.000065
0.000141 0.000787
0.001137 0.000552
0.000502 0.000002
0.003779 0.000078
0.007717 0.000159
0.003644 0.000018
0.000043 0.000049
0.000788 0.000120
0.000280 0.000300
0.004332 0.000038
0.004287 0.000061
0.008934 0.000114
0.009112 0.000091
0.005733 0.000224
0.007886 0.000190
0.000589 0.000005
0.000281 0.000001
0.000002 0.000000
0.000071 0.000011
0.003685 0.000000
0.000002 0.000000
0.000001 0.000011
0.000190 0.000193
0.000100 0.000352
0.000001 0.000261
0.000001 0.000000
0.000028 0.000003
0.000181 0.000003
0.003844 0.000033
0.000779 0.000241
0.000002 0.000256
0.001090 0.000017
0.003309 0.000000
0.000001 0.000000
0.000024 0.000000
0.002891 0.000000
0.000596 0.000000
0.000020 0.000007
0.000015 0.000000
0.004760 0.000002
0.006888 0.000001
0.001154 0.000000
0.000455 0.000000
0.000116 0.000000
0.000221 0.000000
0.000000 0.000185
0.000017 0.000191
0.000802 0.000323
0.005096 0.000204
0.001778 0.000042
0.000005 0.000082
0.005776 0.000027
0.000181 0.000017
0.000508 0.000115
0.021567 0.000052
0.001954 0.000044
0.004645 0.000000
0.001729 0.000000
0.003006 0.000133
0.011472 0.000364
0.000005 0.000580
0.000001 0.000172
0.000008 0.000062
0.000002 0.000083
0.000002 0.000001
0.000006 0.000000
0.000004 0.000037
0.000001 0.000203
0.000182 0.000367
0.000162 0.000221
0.001609 0.000342
0.000011 0.000089
0.000009 0.000035
0.000415 0.000001
0.000014 0.000158
0.000497 0.000257
0.001134 0.000418
0.003959 0.000494
0.018571 0.000728
0.018136 0.000520
0.001835 0.000463
0.024212 0.000022
0.004292 0.000341
0.001095 0.000329
0.007233 0.000230
0.000015 0.000229
0.008956 0.000105
0.000686 0.000186
0.004438 0.000139
0.001046 0.000205
0.006808 0.000303
0.002256 0.000252
0.003406 0.000152
0.003261 0.000371
0.001140 0.000334
0.000023 0.000365
0.000051 0.000352
0.004247 0.000244
0.000173 0.000155
0.000297 0.000713
0.000377 0.000835
0.000198 0.000577
0.000003 0.000699
0.000003 0.000558
0.000005 0.000592
0.000002 0.000604
0.000002 0.000064
0.000239 0.000437
0.000001 0.000557
0.000000 0.000766
0.000153 0.000790
0.002720 0.000883
0.005443 0.001028
0.005816 0.001216
0.008037 0.000921
0.006952 0.000136
0.001794 0.000535
0.002299 0.000774
0.010567 0.000112
0.000078 0.000696
0.000652 0.000645
0.000003 0.001267
0.000015 0.001094
0.000005 0.000839
0.000002 0.001598
0.000001 0.001098
0.000001 0.001186
0.000001 0.001360
0.000000 0.000944
0.000002 0.000785
0.000000 0.001173
0.000000 0.001093
0.002612 0.000985
0.005781 0.000629
0.000970 0.001407
0.008148 0.001262
0.001138 0.001778
0.001173 0.001739
0.003806 0.001224
0.002815 0.001631
0.001897 0.001942
0.000000 0.002413
0.000001 0.002355
0.000000 0.002398
0.000002 0.002676
0.000285 0.001674
0.000192 0.002440
0.000017 0.001158
0.000004 0.001282
0.000013 0.001281
0.000000 0.001782
0.000000 0.002837
0.000179 0.001660
0.000000 0.002087
0.000000 0.002416
0.000000 0.002038
0.000022 0.002430
0.002005 0.001409
0.000000 0.002366
0.000000 0.002147
0.000002 0.002431
0.000001 0.002984
0.000000 0.002983
0.000003 0.002266
0.000000 0.003924
0.000000 0.004013
0.000000 0.003199
0.000000 0.003085
0.000000 0.003423
0.002184 0.001597
0.022130 0.001789
0.019000 0.001710
0.001645 0.002128
0.001430 0.002805
0.001799 0.002220
0.000450 0.002425
0.000886 0.002321
0.001218 0.002224
0.000143 0.002202
0.000090 0.001438
0.000093 0.001633
0.000302 0.001760
0.000188 0.002683
0.000351 0.002941
0.000838 0.002840
0.014835 0.001960
0.003374 0.002874
0.002901 0.002317
0.000806 0.003401
0.000051 0.001876
0.000325 0.001444
0.000553 0.002180
0.000774 0.002785
0.000227 0.003050
0.000058 0.002465
0.000014 0.003372
0.000001 0.002218
0.000001 0.004260
0.000000 0.005155
0.000001 0.001708
0.000184 0.001699
0.000003 0.002474
0.005377 0.001827
0.001751 0.001929
0.000346 0.002741
0.000163 0.002723
0.009408 0.001435
0.006775 0.002426
0.000002 0.002160
0.000004 0.003965
0.000030 0.001954
0.000140 0.002703
0.002599 0.002138
0.007756 0.001347
0.004800 0.002048
0.004884 0.002553
0.008010 0.001295
0.003133 0.001657
0.000416 0.001986
0.000944 0.002491
0.001356 0.001816
0.000240 0.002201
0.000686 0.001901
0.000188 0.003585
0.002011 0.003124
0.000256 0.002609
0.000003 0.002732
0.000000 0.003130
0.000000 0.004346
0.000000 0.003696
0.005778 0.002210
0.001532 0.001707
0.000691 0.002351
0.007228 0.002276
0.023441 0.002297
0.001407 0.001965
0.002233 0.002248
0.000000 0.002209
0.000005 0.003458
0.000000 0.003619
0.009171 0.002436
0.030537 0.001600
0.009073 0.002051
0.001193 0.001646
0.015161 0.001804
0.000429 0.001498
0.000327 0.002106
0.000001 0.001879
0.000000 0.002919
0.000000 0.003719
0.000136 0.002359
0.000574 0.002395
0.000002 0.002873
0.002389 0.001609
0.000000 0.002458
0.000517 0.002958
0.000024 0.001783
0.036519 0.001416
0.018141 0.001427
0.000335 0.002573
0.017694 0.001361
0.000004 0.002724
0.027015 0.001308
0.008151 0.001303
0.000011 0.002262
0.007183 0.002976
0.024836 0.000479
0.010560 0.001146
0.005317 0.001211
0.001312 0.001769
0.000146 0.002211
0.001859 0.002385
0.009010 0.001398
0.000449 0.002308
0.007125 0.001318
0.000420 0.002113
0.002262 0.002522
0.000277 0.002170
0.000001 0.001726
0.000424 0.001526
0.001548 0.001704
0.000481 0.001826
0.011611 0.001102
0.003449 0.001276
0.005492 0.001658
0.000008 0.001749
0.000021 0.001309
0.000001 0.001016
0.000785 0.001304
0.003510 0.001487
0.003239 0.001034
0.001974 0.001661
0.005473 0.001217
0.004553 0.001680
0.003977 0.001743
0.003486 0.001718
0.002463 0.000855
0.001109 0.001164
0.005951 0.001486
0.001598 0.001601
0.001024 0.001822
0.000004 0.001934
0.000009 0.001464
0.015830 0.000717
0.002800 0.000948
0.003510 0.000822
0.004734 0.001025
0.000208 0.001409
0.005889 0.001390
0.000023 0.001725
0.001951 0.001198
0.000366 0.001376
0.004115 0.001129
0.000002 0.001528
0.000041 0.001030
0.000002 0.001928
0.000003 0.001370
0.000091 0.001512
0.017004 0.000621
0.005672 0.000128
0.000326 0.001154
0.000097 0.001450
0.006009 0.001144
0.007087 0.001204
0.000282 0.001312
0.004305 0.000214
0.004683 0.000692
0.000704 0.000778
0.006305 0.000847
0.001043 0.000384
0.000012 0.000396
0.000587 0.000581
0.000477 0.000852
0.000390 0.000767
0.023442 0.000795
0.003641 0.000987
0.000001 0.000900
0.005518 0.000485
0.000238 0.000624
0.001490 0.001148
0.000645 0.000939
0.003836 0.001216
0.001223 0.000609
0.000611 0.000330
0.000044 0.000354
0.000060 0.000611
0.003559 0.000601
0.001457 0.000645
0.001576 0.000525
0.000013 0.000375
0.004802 0.000604
0.000569 0.000387
0.000421 0.000131
0.000003 0.000057
0.000005 0.000075
0.000266 0.000031
0.000626 0.000162
0.000457 0.000349
0.000325 0.000203
0.007230 0.000403
0.000099 0.000143
0.000025 0.000057
0.000010 0.000211
0.000000 0.000266
0.000399 0.000142
0.001180 0.000350
0.000179 0.000549
0.000002 0.000144
0.000062 0.000021
0.003006 0.000037
0.000007 0.000038
0.002988 0.000605
0.006797 0.000630
0.004557 0.000573
0.009487 0.000719
0.000060 0.000844
0.003390 0.000603
0.013630 0.000673
0.018918 0.000705
0.000998 0.000269
0.000839 0.000222
0.004056 0.000670
0.002003 0.000299
0.000257 0.000147
0.006931 0.000190
0.008829 0.000473
0.008864 0.000853
0.002117 0.000489
0.002507 0.000069
0.002102 0.000106
0.002949 0.000263
0.002749 0.000880
0.000019 0.000645
0.005547 0.000000
0.005753 0.000000
0.000073 0.000118
0.000127 0.000066
0.002983 0.000008
0.006050 0.000369
0.000907 0.000002
0.001541 0.000401
0.000505 0.000332
0.001932 0.000514
0.000760 0.000737
0.000408 0.000992
0.003301 0.000321
0.005393 0.001026
0.002219 0.000617
0.007272 0.000265
0.003032 0.000268
0.000106 0.000513
0.006007 0.000507
0.002409 0.000742
0.012139 0.000617
0.000022 0.000731
0.000346 0.000344
0.000001 0.000882
0.000386 0.000442
0.000006 0.000337
0.000009 0.000554
0.002095 0.000414
0.000017 0.000658
0.000001 0.000003
0.000001 0.000000
0.000001 0.000004
0.000004 0.000016
0.001022 0.000125
0.007165 0.000516
0.004372 0.000474
0.002170 0.000335
0.003217 0.001054
0.000009 0.000669
0.002984 0.000332
0.003009 0.000045
0.003950 0.000526
0.000930 0.000103
0.000017 0.000085
0.000002 0.000010
0.000033 0.000079
0.000895 0.000239
0.000002 0.000577
0.000001 0.000441
0.000359 0.000162
0.000000 0.000178
0.004524 0.000205
0.000076 0.000110
0.000001 0.000106
0.000002 0.000120
0.003925 0.000494
0.001543 0.000021
0.000042 0.000100
0.001223 0.000178
0.000007 0.000140
0.000539 0.000604
0.000078 0.000930
0.000000 0.000988
0.000068 0.000722
0.003169 0.000572
0.000781 0.000891
0.000016 0.000789
0.000280 0.000651
0.001084 0.000621
0.000213 0.000790
0.000584 0.000870
0.000003 0.001290
0.000120 0.000806
0.000112 0.000493
0.000191 0.000612
0.000000 0.000682
0.000000 0.000723
0.000197 0.000687
0.000455 0.000485
0.007971 0.000629
0.000774 0.000559
0.000002 0.000933
0.001608 0.000754
0.001175 0.001097
0.000632 0.000888
0.000074 0.001202
0.000000 0.001084
0.000000 0.001261
0.000001 0.000900
0.000000 0.000672
0.000000 0.000807
0.000009 0.000864
0.000806 0.000856
0.000002 0.001145
0.000014 0.001263
0.000157 0.001177
0.000000 0.001531
0.000001 0.001586
0.000000 0.001546
0.000000 0.000885
0.000001 0.001026
0.000001 0.001748
0.000001 0.002052
0.000001 0.002211
0.000000 0.002326
0.000000 0.002513
0.000009 0.002287
0.000000 0.001446
0.000002 0.001493
0.005615 0.000347
0.007887 0.000745
0.001954 0.001538
0.000035 0.001455
0.003741 0.000475
0.000050 0.000859
0.000200 0.001087
0.008125 0.001018
0.005927 0.000898
0.005979 0.001093
0.000319 0.001180
0.001053 0.001469
0.001223 0.001603
0.000001 0.001704
0.006381 0.001664
0.001150 0.001426
0.005518 0.001225
0.001764 0.000963
0.008105 0.001134
0.007554 0.001071
0.002174 0.001342
0.001309 0.001341
0.005553 0.001283
0.006864 0.000917
0.004703 0.000662
0.000156 0.001708
0.000162 0.002079
0.004205 0.001535
0.000063 0.001157
0.000039 0.001748
0.000000 0.001719
0.000713 0.001949
0.000034 0.001669
0.000267 0.002152
0.000111 0.002122
0.004917 0.001280
0.001901 0.002018
0.012791 0.002102
0.021387 0.000492
0.003114 0.001290
0.000001 0.003032
0.002551 0.001975
0.004903 0.002419
0.000130 0.002327
0.000857 0.002282
0.004245 0.000587
0.006818 0.000652
0.000001 0.001687
0.000010 0.003048
0.000000 0.002912
0.000000 0.004161
0.000000 0.004252
0.000001 0.003796
0.000000 0.004582
0.000000 0.005418
0.000000 0.004694
0.000002 0.004039
0.000561 0.001839
0.006897 0.001434
0.009236 0.001264
0.000002 0.002386
0.000005 0.002004
0.000173 0.002158
0.000001 0.002721
0.012485 0.002062
0.006888 0.001363
0.008121 0.001438
0.015939 0.000665
0.008318 0.001679
0.001265 0.001663
0.000002 0.001565
0.000039 0.002037
0.000006 0.002261
0.006348 0.002534
0.015558 0.000831
0.024298 0.000586
0.000204 0.001508
0.001082 0.003065
0.000939 0.003052
0.000060 0.003213
0.021546 0.001265
0.014285 0.001480
0.000515 0.001757
0.002942 0.002009
0.000021 0.002246
0.007996 0.002257
0.002303 0.001400
0.010859 0.001506
0.001668 0.002102
0.001738 0.002660
0.002250 0.001644
0.003730 0.000606
0.000527 0.001769
0.011696 0.001611
0.003636 0.002032
0.027440 0.001487
0.001459 0.001591
0.008484 0.001553
0.012608 0.000773
0.008712 0.001244
0.022982 0.001600
0.000738 0.002157
0.002715 0.001693
0.003528 0.001869
0.000655 0.002598
0.002304 0.001845
0.017801 0.002265
0.012004 0.001526
0.001283 0.001971
0.000460 0.001834
0.001118 0.002518
0.002344 0.002258
0.006046 0.001772
0.004373 0.001829
0.000693 0.002771
0.001463 0.001750
0.000007 0.003170
0.004893 0.002027
0.001968 0.002241
0.002593 0.002259
0.004102 0.002929
0.002337 0.001394
0.000458 0.002218
0.000005 0.002412
0.011237 0.002031
0.027146 0.001449
0.022643 0.001736
0.000954 0.002173
0.000000 0.002690
0.000000 0.002592
0.000000 0.003104
0.000000 0.002136
0.001791 0.002064
0.000834 0.001446
0.000372 0.002196
0.014051 0.001558
0.008184 0.002662
0.007660 0.001231
0.001104 0.002208
0.007647 0.001776
0.000224 0.002017
0.000956 0.001652
0.000842 0.002222
0.000848 0.001788
0.003191 0.001144
0.002330 0.000998
0.000895 0.001801
0.005414 0.000677
0.003771 0.002599
0.011676 0.001283
0.000009 0.001920
0.000364 0.001234
0.000081 0.001625
0.000000 0.002091
0.000044 0.002001
0.000001 0.002832
0.000000 0.001998
0.000382 0.001467
0.000011 0.001650
0.000001 0.001858
0.003430 0.001673
0.021106 0.000533
0.001497 0.001697
0.001190 0.001487
0.000545 0.001059
0.000096 0.002064
0.000163 0.002133
0.000448 0.001236
0.006924 0.001297
0.000051 0.001513
0.000784 0.001483
0.029000 0.000654
0.000061 0.001044
0.000002 0.001184
0.003889 0.001062
0.021959 0.000613
0.005954 0.000469
0.002931 0.000835
0.000480 0.000844
0.000303 0.001311
0.004274 0.001542
0.000640 0.001181
0.003989 0.001140
0.007486 0.000832
0.001605 0.000801
0.000420 0.000766
0.000564 0.000698
0.000001 0.000819
0.000002 0.000771
0.000000 0.000617
0.000001 0.000631
0.000016 0.000587
0.054466 0.000445
0.000688 0.000612
0.001902 0.000398
0.002593 0.000321
0.007447 0.000382
0.003797 0.000361
0.020936 0.000280
0.003481 0.000318
0.000498 0.000091
0.000012 0.000304
0.000015 0.000313
0.001764 0.000193
0.000762 0.000002
0.000102 0.000242
0.000104 0.000391
0.001480 0.000559
0.001766 0.000541
0.000180 0.000225
0.000752 0.000197
0.002243 0.000417
0.011169 0.000326
0.002641 0.000131
0.001071 0.000477
0.000249 0.000156
0.000197 0.000085
0.002009 0.000110
0.000683 0.000436
0.001546 0.000758
0.000779 0.000672
0.001729 0.000563
0.000074 0.000215
0.000050 0.000156
0.003434 0.000055
0.003348 0.000484
0.000780 0.000264
0.000299 0.000060
0.000363 0.000196
0.000377 0.000064
0.004888 0.000150
0.004246 0.000517
0.002039 0.000638
0.000791 0.000222
0.022153 0.000421
0.000213 0.000286
0.011997 0.000012
0.009614 0.000082
0.004044 0.000261
0.000384 0.000329
0.000006 0.000167
0.000003 0.000005
0.002817 0.000000
0.000009 0.000067
0.003244 0.000003
0.000257 0.000026
0.001063 0.000062
0.000018 0.000184
0.006795 0.000240
0.001885 0.000280
0.000746 0.000195
0.000111 0.000673
0.000473 0.000096
0.000023 0.000000
0.000233 0.000028
0.000007 0.000026
0.013865 0.000216
0.000070 0.000210
0.000597 0.000000
0.000558 0.000000
0.000059 0.000000
0.008952 0.000382
0.034104 0.000344
0.003371 0.000037
0.020482 0.000088
0.001846 0.000549
0.004301 0.000066
0.000361 0.000022
0.012934 0.000073
0.002157 0.000220
0.003533 0.000335
0.001723 0.000610
0.008074 0.000498
0.001838 0.000598
0.003896 0.000329
0.000170 0.000157
0.000005 0.000614
0.000005 0.000383
0.000645 0.000298
0.002197 0.000153
0.003219 0.000061
0.000186 0.000135
0.000033 0.000008
0.000534 0.000000
0.000021 0.000000
0.000004 0.000094
0.003029 0.000020
0.001338 0.000015
0.000434 0.000000
0.000006 0.000027
0.000054 0.000286
0.003001 0.000601
0.001197 0.000304
0.001968 0.000402
0.007656 0.000420
0.000667 0.000237
0.000346 0.000025
0.000230 0.000075
0.010417 0.000308
0.005345 0.000196
0.000378 0.000582
0.010890 0.000726
0.005394 0.000847
0.007415 0.001253
0.005447 0.000678
0.000644 0.000431
0.000444 0.000402
0.000550 0.000737
0.010708 0.000845
0.004035 0.000564
0.000010 0.000817
0.000023 0.000329
0.001305 0.000357
0.000677 0.000124
0.002639 0.000200
0.000012 0.000640
0.000598 0.000478
0.009691 0.000474
0.000051 0.000397
0.000004 0.000448
0.000004 0.000278
0.000003 0.000468
0.000007 0.000382
0.000027 0.000294
0.000015 0.000500
0.000057 0.000793
0.000006 0.000550
0.000262 0.000417
0.001027 0.000330
0.000020 0.000472
0.000002 0.000472
0.000005 0.000516
0.000004 0.000463
0.000003 0.000732
0.000000 0.000622
0.000000 0.000403
0.000005 0.000624
0.000001 0.000578
0.002760 0.000462
0.002034 0.000265
0.005115 0.000461
0.002432 0.000424
0.003986 0.000852
0.001159 0.000917
0.000012 0.000874
0.000016 0.000914
0.000679 0.000542
0.003636 0.000652
0.005421 0.000134
0.010341 0.000435
0.010337 0.000310
0.011141 0.000499
0.000235 0.000638
0.000632 0.001008
0.002165 0.000876
0.000192 0.000895
0.000112 0.001393
0.000182 0.001228
0.001489 0.000978
0.001835 0.000799
0.000786 0.001039
0.000076 0.001018
0.000017 0.001075
0.000000 0.001052
0.000005 0.001411
0.000009 0.001101
0.000061 0.001685
0.000595 0.001557
0.000005 0.001245
0.000001 0.001512
0.000042 0.000839
0.000001 0.001348
0.000025 0.001550
0.000040 0.000981
0.000071 0.000980
0.000982 0.000877
0.013176 0.001337
0.005676 0.001910
0.004889 0.002496
0.002751 0.002559
0.019050 0.001199
0.001803 0.001956
0.000005 0.002396
0.000267 0.002360
0.001429 0.001670
0.000132 0.001698
0.002316 0.002551
0.001453 0.001942
0.001400 0.001628
0.004245 0.001812
0.000048 0.002279
0.001198 0.001872
0.000136 0.002714
0.000005 0.002946
0.000306 0.002381
0.000112 0.002053
0.003425 0.000898
0.000005 0.002151
0.000008 0.002211
0.000000 0.002228
0.000003 0.003920
0.001786 0.001686
0.003007 0.002040
0.001307 0.002051
0.000131 0.001782
0.001945 0.001673
0.003288 0.002601
0.000542 0.002468
0.003167 0.001608
0.000230 0.002527
0.007405 0.002467
0.011111 0.000586
0.000124 0.001491
0.015528 0.001619
0.000005 0.002167
0.000574 0.003071
0.003314 0.002084
0.000041 0.002717
0.000000 0.004163
0.000123 0.003103
0.001701 0.001848
0.000190 0.001727
0.002591 0.001134
0.000036 0.002339
0.000054 0.002843
0.000053 0.002637
0.000001 0.003461
0.000001 0.003222
0.000000 0.003892
0.000005 0.002177
0.000004 0.003210
0.000000 0.003830
0.002919 0.003456
0.000002 0.002505
0.000000 0.002774
0.001220 0.002040
0.001161 0.002136
0.000001 0.002822
0.003605 0.002525
0.001676 0.002445
0.000002 0.002692
0.000000 0.002498
0.000000 0.002787
0.000000 0.003742
0.001843 0.002387
0.001995 0.002381
0.003786 0.002114
0.005288 0.001834
0.000005 0.002363
0.000048 0.002303
0.000001 0.002825
0.003719 0.001630
0.000855 0.001888
0.000002 0.002467
0.000842 0.002712
0.000144 0.002973
0.003759 0.001561
0.001141 0.002521
0.000162 0.002892
0.000001 0.003687
0.000000 0.004247
0.000000 0.003737
0.000000 0.003688
0.000000 0.004614
0.000000 0.002372
0.000000 0.002994
0.000000 0.003950
0.000000 0.003221
0.000000 0.003853
0.000000 0.003880
0.000000 0.003400
0.000000 0.003778
0.000000 0.004131
0.000000 0.004750
0.000000 0.002504
0.000004 0.002670
0.000124 0.002710
0.021922 0.001623
0.011785 0.002364
0.001221 0.002055
0.000063 0.003068
0.017477 0.003199
0.008177 0.001655
0.002430 0.001987
0.001772 0.002711
0.006062 0.002446
0.000727 0.001716
0.000091 0.003914
0.001983 0.003299
0.015761 0.002811
0.008654 0.001331
0.000006 0.002417
0.000075 0.002117
0.000109 0.002274
0.000012 0.001888
0.000076 0.001793
0.000134 0.002363
0.000381 0.002041
0.000003 0.002221
0.006152 0.002162
0.004169 0.001675
0.001157 0.002408
0.003667 0.001724
0.000360 0.002727
0.000002 0.002346
0.001725 0.001793
0.000250 0.001747
0.000005 0.001451
0.001666 0.001341
0.000546 0.001122
0.000013 0.001818
0.000005 0.002419
0.000754 0.001702
0.000009 0.001433
0.000010 0.001575
0.000374 0.001918
0.000013 0.002464
0.000014 0.001993
0.000002 0.002732
0.000000 0.002437
0.000000 0.002420
0.001326 0.001429
0.043432 0.000620
0.001247 0.001408
0.000117 0.001708
0.000917 0.001143
0.000006 0.001659
0.001603 0.000735
0.003297 0.001103
0.000707 0.000885
0.001055 0.001501
0.006710 0.001376
0.000095 0.001415
0.000043 0.001338
0.004265 0.001493
0.004643 0.000699
0.000403 0.001294
0.000003 0.001045
0.000003 0.001956
0.000145 0.001094
0.000977 0.000166
0.001336 0.000272
0.001062 0.000902
0.000347 0.000721
0.000004 0.001140
0.000000 0.001406
0.000000 0.001178
0.000197 0.001346
0.003740 0.000620
0.006398 0.000553
0.004184 0.000562
0.000012 0.000901
0.000065 0.000922
0.001327 0.000959
0.000168 0.001135
0.000308 0.001332
0.000205 0.001234
0.000004 0.000833
0.000158 0.000696
0.001056 0.000649
0.000947 0.000595
0.000061 0.000399
0.023673 0.000346
0.002878 0.000344
0.010340 0.000348
0.003905 0.000318
0.001524 0.000310
0.020217 0.000346
0.010970 0.000407
0.000405 0.000710
0.003801 0.000573
0.013336 0.000407
0.008193 0.000567
0.003413 0.000848
0.000470 0.000587
0.000029 0.000816
0.003467 0.000547
0.005867 0.000598
0.000086 0.000620
0.016053 0.000209
0.000025 0.000797
0.000007 0.000182
0.001656 0.000120
0.000769 0.000312
0.000271 0.000602
0.000258 0.000311
0.000342 0.000103
0.003058 0.000125
0.000549 0.000324
0.000080 0.000404
0.000364 0.000607
0.000001 0.000809
0.000005 0.000394
0.000002 0.000609
0.001971 0.000007
0.000002 0.000067
0.005374 0.000220
0.004697 0.000571
0.000324 0.000392
0.000006 0.000033
0.000152 0.000010
0.000000 0.000028
0.000011 0.000000
0.000364 0.000171
0.000007 0.000341
0.001629 0.000039
0.000003 0.000664
0.000005 0.000370
0.000003 0.000017
0.000089 0.000202
0.000524 0.000337
0.010836 0.000201
0.003191 0.000853
0.000700 0.000318
0.000991 0.000115
0.005765 0.000552
0.000005 0.000569
0.000023 0.000627
0.000331 0.000440
0.002816 0.000348
0.001501 0.000413
0.008127 0.000710
0.014353 0.000562
0.000097 0.000522
0.001827 0.000353
0.008590 0.000589
0.000172 0.000644
0.014153 0.000528
0.022178 0.000766
0.000759 0.000545
0.025061 0.000340
0.005934 0.001015
0.000023 0.000613
0.016088 0.000062
0.009863 0.000867
0.000141 0.000617
0.016634 0.000209
0.014302 0.000272
0.002205 0.000381
0.013859 0.000247
0.006873 0.000351
0.007574 0.000849
0.001133 0.000284
0.008295 0.000189
0.016392 0.000759
0.005969 0.000875
0.000067 0.000289
0.000077 0.000080
0.002021 0.000232
0.000017 0.000090
0.001417 0.000187
0.002634 0.000020
0.002894 0.000016
0.003662 0.000095
0.001418 0.000002
0.000457 0.000056
0.008584 0.000132
0.001103 0.000170
0.000013 0.000012
0.003805 0.000376
0.001935 0.000198
0.000040 0.000336
0.005211 0.000205
0.009746 0.000484
0.006634 0.000470
0.003837 0.000326
0.003958 0.000096
0.001071 0.000386
0.000029 0.000346
0.008417 0.000389
0.017324 0.000626
0.000988 0.000742
0.001496 0.000879
0.006741 0.000542
0.004639 0.000479
0.000371 0.000326
0.008251 0.000223
0.005240 0.000648
0.000339 0.000667
0.002999 0.000414
0.000722 0.000520
0.013168 0.000538
0.001413 0.000844
0.023085 0.000424
0.002513 0.000484
0.000180 0.000765
0.001973 0.000091
0.002934 0.000206
0.005320 0.000269
0.001863 0.000675
0.001682 0.000895
0.005009 0.000911
0.016791 0.001070
0.003295 0.000684
0.003551 0.001039
0.007973 0.000888
0.000766 0.000807
0.000034 0.000550
0.004668 0.000624
0.005916 0.000592
0.000026 0.000631
0.000003 0.000801
0.000108 0.000718
0.009628 0.000453
0.000516 0.001121
0.000060 0.001228
0.004415 0.000919
0.000007 0.000915
0.000008 0.001180
0.000002 0.001175
0.000000 0.000675
0.000010 0.001009
0.000019 0.001358
0.000021 0.001737
0.000509 0.001436
0.001081 0.001264
0.001267 0.001977
0.010432 0.001240
0.011212 0.001413
0.000042 0.001038
0.000186 0.001507
0.000026 0.001792
0.000874 0.000909
0.001830 0.001370
0.001454 0.000998
0.004651 0.000968
0.000139 0.000970
0.000009 0.000818
0.008521 0.000991
0.004871 0.000751
0.006393 0.000764
0.005578 0.000373
0.002388 0.000674
0.001622 0.000804
0.002285 0.001386
0.006642 0.000825
0.001219 0.002123
0.000029 0.001409
0.000004 0.001850
0.000005 0.001818
0.000007 0.002216
0.000425 0.002040
0.000001 0.002495
0.000000 0.002555
0.000029 0.002136
0.001130 0.002158
0.000000 0.002724
0.000002 0.002477
0.000000 0.002115
0.000018 0.002446
0.003639 0.000975
0.002727 0.001455
0.002146 0.001956
0.015460 0.000427
0.000044 0.001466
0.006598 0.001215
0.000177 0.001777
0.000115 0.002002
0.013425 0.000486
0.001625 0.000662
0.000003 0.002579
0.000940 0.001800
0.000767 0.001288
0.000227 0.001856
0.001231 0.002401
0.004234 0.001644
0.002063 0.001539
0.002668 0.001866
0.001835 0.001274
0.001653 0.001496
0.001581 0.001682
0.007579 0.002423
0.000375 0.002741
0.000002 0.002207
0.000000 0.003194
0.000000 0.002753
0.001354 0.002816
0.000007 0.002772
0.001742 0.001888
0.000903 0.003452
0.004285 0.000841
0.000543 0.001514
0.005994 0.001649
0.010170 0.001575
0.000056 0.002730
0.000530 0.001833
0.006773 0.000751
0.000001 0.001900
0.000000 0.002908
0.000000 0.003483
0.000268 0.002723
0.000083 0.001952
0.003778 0.002070
0.020388 0.000676
0.000359 0.001600
0.000000 0.003485
0.013140 0.002573
0.000765 0.003358
0.009988 0.002407
0.002663 0.002608
0.000008 0.003492
0.000033 0.002564
0.002235 0.001624
0.001516 0.002016
0.000008 0.000912
0.000000 0.003619
0.000346 0.003042
0.000027 0.003817
0.000000 0.003120
0.000000 0.003298
0.000000 0.002684
0.000000 0.002412
0.002013 0.002549
0.000056 0.002408
0.000011 0.002142
0.000003 0.002766
0.000238 0.002286
0.000155 0.001861
0.000002 0.002392
0.000003 0.002528
0.000001 0.003684
0.000897 0.002434
0.000150 0.002973
0.002125 0.001154
0.000161 0.002585
0.002031 0.002654
0.009783 0.003017
0.003570 0.002194
0.000000 0.004017
0.000001 0.004058
0.000000 0.003750
0.005548 0.002302
0.000007 0.002801
0.000852 0.002048
0.000023 0.003120
0.002339 0.002081
0.000000 0.003616
0.000139 0.002814
0.008635 0.000586
0.000011 0.002442
0.000000 0.003236
0.000000 0.003763
0.000004 0.003265
0.000003 0.003998
0.000000 0.004120
0.005157 0.003105
0.000623 0.002611
0.000002 0.003480
0.000264 0.002638
0.000655 0.002845
0.006458 0.001940
0.001333 0.001633
0.013322 0.001208
0.000767 0.002423
0.000000 0.003241
0.012303 0.002739
0.009901 0.001927
0.000024 0.003228
0.026391 0.001983
0.000061 0.002548
0.016125 0.001126
0.001592 0.002361
0.003068 0.001759
0.000094 0.002365
0.016737 0.001650
0.000088 0.001902
0.001090 0.001962
0.000653 0.002201
0.000291 0.002234
0.000072 0.002304
0.002471 0.002027
0.002387 0.001343
0.000613 0.001729
0.000947 0.001929
0.000002 0.001954
0.000001 0.001823
0.000000 0.002520
0.003331 0.002240
0.008501 0.001947
0.002102 0.001487
0.000024 0.002171
0.000783 0.002239
0.000001 0.001653
0.000004 0.001898
0.000000 0.001217
0.000002 0.001425
0.001218 0.000980
0.000046 0.001286
0.000003 0.001768
0.000003 0.001414
0.000000 0.001173
0.000001 0.001803
0.000004 0.001736
0.000001 0.001254
0.000000 0.001104
0.001282 0.001141
0.004838 0.000314
0.000023 0.000873
0.000040 0.000820
0.000326 0.000710
0.000288 0.000684
0.000370 0.000934
0.000007 0.001151
0.000279 0.001152
0.002096 0.000914
0.000027 0.001358
0.000195 0.001149
0.000000 0.002203
0.000009 0.001388
0.000130 0.000885
0.000000 0.000845
0.000058 0.001114
0.000016 0.001091
0.002102 0.001368
0.071743 0.001061
0.002324 0.000661
0.008747 0.000947
0.004632 0.000931
0.000010 0.000585
0.003274 0.000629
0.005774 0.000385
0.001980 0.000573
0.000068 0.000439
0.000456 0.000455
0.001328 0.000609
0.000020 0.000844
0.001735 0.000687
0.002354 0.000433
0.013611 0.000576
0.008593 0.001200
0.001296 0.001323
0.003889 0.000836
0.000252 0.001251
0.000182 0.000740
0.000987 0.000800
0.000167 0.000724
0.000133 0.001151
0.002938 0.001360
0.006246 0.000797
0.014066 0.000446
0.000516 0.000222
0.000466 0.000036
0.004204 0.000663
0.005117 0.000771
0.002698 0.000683
0.004281 0.000218
0.012052 0.000135
0.000246 0.000159
0.004440 0.000347
0.000122 0.000296
0.003432 0.000223
0.001004 0.000030
0.000417 0.000006
0.010565 0.000318
0.001979 0.000464
0.003810 0.000610
0.014849 0.000276
0.000029 0.000001
0.010422 0.000000
0.001602 0.000153
0.000398 0.000029
0.001713 0.000183
0.000083 0.000000
0.005212 0.000191
0.000942 0.000076
0.000009 0.000021
0.000036 0.000260
0.000891 0.000000
0.002037 0.000000
0.001216 0.000000
0.000565 0.000000
0.000463 0.000033
0.000052 0.000000
0.001641 0.000000
0.000003 0.000045
0.000016 0.000000
0.000099 0.000000
0.000004 0.000038
0.007748 0.000136
0.008930 0.000309
0.000145 0.000184
0.014745 0.000339
0.010905 0.000637
0.004856 0.000421
0.001293 0.000097
0.000803 0.000183
0.001134 0.000513
0.000022 0.000194
0.004635 0.000206
0.000517 0.000178
0.003362 0.000352
0.002212 0.000543
0.000143 0.000621
0.018190 0.000407
0.002666 0.000526
0.001571 0.000160
0.005295 0.000406
0.000004 0.000000
0.000043 0.000000
0.001932 0.000000
0.000026 0.000000
0.000297 0.000000
0.000001 0.000068
0.001125 0.000391
0.013406 0.000532
0.001400 0.000684
0.000002 0.000141
0.000014 0.000051
0.006061 0.000177
0.001974 0.000131
0.009077 0.000493
0.007018 0.000454
0.013110 0.000906
0.003725 0.000604
0.008661 0.000523
0.003314 0.000878
0.000146 0.000407
0.014664 0.000475
0.007044 0.001025
0.001636 0.000497
0.001517 0.000133
0.000350 0.000219
0.000027 0.000027
0.000069 0.000048
0.000011 0.000052
0.000008 0.000000
0.003336 0.000343
0.000070 0.000368
0.002694 0.000378
0.000365 0.000470
0.004481 0.000400
0.004622 0.000469
0.000054 0.000327
0.002077 0.000324
0.000248 0.000627
0.000007 0.000764
0.000002 0.000406
0.000846 0.000255
0.000029 0.000405
0.000005 0.000193
0.000002 0.000054
0.000009 0.000151
0.000006 0.000273
0.000005 0.000350
0.000006 0.000155
0.000025 0.000251
0.000065 0.000305
0.000794 0.000351
0.000243 0.000198
0.002144 0.000474
0.000143 0.000448
0.000060 0.000735
0.002165 0.000770
0.000142 0.000709
0.000166 0.000494
0.000023 0.000554
0.006533 0.000178
0.005569 0.000839
0.000849 0.000955
0.008260 0.000446
0.001594 0.000799
0.000998 0.000883
0.008954 0.000672
0.001296 0.001031
0.001250 0.000897
0.001915 0.000980
0.000042 0.001241
0.000079 0.001090
0.003149 0.001300
0.002814 0.001202
0.000217 0.001158
0.002459 0.000928
0.000012 0.001387
0.005369 0.000817
0.020024 0.000555
0.000220 0.000509
0.000000 0.000757
0.000612 0.000726
0.000367 0.000240
0.000638 0.000468
0.000006 0.000685
0.000001 0.000915
0.000002 0.001012
0.000003 0.001246
0.000029 0.001094
0.000005 0.001349
0.000119 0.000992
0.005439 0.001166
0.000173 0.001034
0.005490 0.001453
0.003012 0.001159
0.002076 0.001016
0.008151 0.001316
0.001706 0.001614
0.000736 0.001376
0.004182 0.001518
0.001521 0.000662
0.000008 0.001107
0.000004 0.002092
0.000001 0.001785
0.000003 0.001769
0.000000 0.001987
0.000001 0.002575
0.001519 0.002345
0.003052 0.002007
0.005062 0.001494
0.000353 0.001351
0.002018 0.001481
0.000005 0.001953
0.000000 0.002085
0.000000 0.001882
0.000002 0.002448
0.000020 0.001505
0.000004 0.001992
0.000000 0.003016
0.000000 0.002967
0.000000 0.002443
0.007265 0.001712
0.001002 0.001806
0.000319 0.002092
0.003591 0.002052
0.005476 0.001904
0.002291 0.001537
0.000284 0.002041
0.000016 0.002102
0.009554 0.001620
0.011370 0.000991
0.005614 0.002682
0.012161 0.001248
0.002453 0.001605
0.000038 0.002599
0.010614 0.002025
0.001197 0.001827
0.004044 0.001499
0.001349 0.003003
0.000210 0.002677
0.000014 0.002471
0.000000 0.002109
0.000219 0.002271
0.000523 0.003203
0.001533 0.002315
0.002262 0.001654
0.000913 0.002219
0.000165 0.003110
0.000227 0.001969
0.000010 0.002475
0.000209 0.003335
0.000004 0.002302
0.000000 0.002449
0.000000 0.002825
0.003783 0.001699
0.000356 0.003012
0.000617 0.002330
0.007692 0.002856
0.000226 0.002306
0.015713 0.002073
0.001440 0.002603
0.000000 0.003551
0.000000 0.002592
0.000391 0.002612
0.000516 0.002978
0.000001 0.003473
0.000017 0.002531
0.000000 0.003481
0.000000 0.004461
0.000000 0.004865
0.000013 0.003568
0.001652 0.001501
0.000456 0.002092
0.001462 0.002190
0.000093 0.001960
0.000001 0.002571
0.000001 0.002158
0.000010 0.001897
0.004046 0.002197
0.002985 0.002261
0.000863 0.001678
0.000801 0.002512
0.000827 0.001641
0.002818 0.001557
0.000685 0.001643
0.003113 0.003585
0.000075 0.002937
0.000005 0.002415
0.000000 0.003374
0.001030 0.003712
0.000789 0.002511
0.013120 0.004014
0.001703 0.002135
0.001607 0.002249
0.010616 0.002337
0.005569 0.002280
0.002222 0.002194
0.000342 0.002985
0.001677 0.002319
0.001472 0.002441
0.004037 0.002812
0.002948 0.001517
0.000081 0.001974
0.000010 0.002920
0.014157 0.002225
0.001283 0.002462
0.006362 0.003148
0.000938 0.001994
0.001236 0.001648
0.002807 0.002312
0.000726 0.002443
0.000103 0.003172
0.004879 0.002123
0.001140 0.002153
0.014566 0.001797
0.009225 0.001264
0.012231 0.001248
0.005945 0.002135
0.000156 0.002425
0.001577 0.001946
0.002046 0.002615
0.001507 0.001790
0.001642 0.003135
0.001137 0.002211
0.001865 0.001911
0.000099 0.002191
0.000287 0.002508
0.001031 0.002797
0.000032 0.001902
0.005090 0.002451
0.000003 0.002047
0.000000 0.002584
0.007849 0.002985
0.007956 0.001049
0.000000 0.002116
0.000000 0.001937
0.000002 0.002757
0.004233 0.001272
0.001778 0.001871
0.001907 0.002095
0.001663 0.002040
0.022656 0.001381
0.001209 0.002920
0.000001 0.001581
0.001280 0.002201
0.003291 0.001940
0.000057 0.002139
0.002670 0.002318
0.001865 0.002283
0.000000 0.001991
0.001578 0.001405
0.000751 0.001429
0.000086 0.001336
0.000012 0.001454
0.000557 0.001442
0.000000 0.002074
0.000003 0.002172
0.000069 0.001797
0.000003 0.001021
0.000001 0.001144
0.000000 0.001948
0.001945 0.002041
0.008167 0.001107
0.000396 0.001359
0.007005 0.000704
0.000015 0.001017
0.000032 0.001309
0.002067 0.000945
0.000086 0.001045
0.000001 0.001369
0.006617 0.000896
0.001796 0.000817
0.000226 0.000999
0.001437 0.000888
0.000797 0.001404
0.000000 0.001537
0.000002 0.000745
0.000007 0.001182
0.000001 0.000962
0.000006 0.001232
0.000003 0.001049
0.000004 0.001016
0.000005 0.000906
0.000001 0.000540
0.000003 0.000690
0.012699 0.000527
0.001202 0.000442
0.001540 0.000448
0.000020 0.000705
0.000006 0.000509
0.000084 0.000383
0.000614 0.000438
0.002745 0.000633
0.000271 0.000432
0.000010 0.000397
0.000050 0.000342
0.000048 0.000349
0.000006 0.000343
0.000005 0.000373
0.000005 0.000287
0.002855 0.000585
0.000094 0.000742
0.000001 0.001628
0.004621 0.000821
0.000591 0.000561
0.000310 0.000546
0.000005 0.000647
0.001005 0.000243
0.009598 0.000133
0.001991 0.000327
0.002929 0.000099
0.000238 0.000321
0.000078 0.000182
0.000020 0.000102
0.006383 0.000037
0.000620 0.000000
0.001503 0.000015
0.003361 0.000201
0.008557 0.000149
0.017040 0.000461
0.002950 0.000659
0.004314 0.000679
0.001349 0.000393
0.011125 0.000813
0.013102 0.000712
0.025820 0.000395
0.004635 0.000081
0.000138 0.000875
0.009366 0.000492
0.007433 0.000576
0.000587 0.000651
0.005311 0.000348
0.000707 0.000485
0.000184 0.000020
0.001687 0.000146
0.000109 0.000254
0.000010 0.000242
0.000155 0.000073
0.006008 0.000368
0.017027 0.000478
0.009740 0.000446
0.005913 0.000152
0.004315 0.000125
0.005181 0.000548
0.039837 0.000000
0.022181 0.000696
0.011275 0.000636
0.004091 0.000236
0.001930 0.000199
0.003451 0.000618
0.006798 0.000799
0.001958 0.000465
0.005775 0.000410
0.004369 0.000015
0.002186 0.000000
0.000147 0.000000
0.001976 0.000001
0.001051 0.000012
0.003919 0.000483
0.002931 0.000542
0.005950 0.000626
0.003913 0.000660
0.006813 0.000675
0.002015 0.000655
0.010663 0.000708
0.000940 0.000658
0.035850 0.000196
0.014829 0.000002
0.000114 0.000000
0.000667 0.000570
0.006871 0.000705
0.012313 0.000670
0.005232 0.000159
0.002076 0.000436
0.008848 0.000273
0.005701 0.000196
0.010892 0.000182
0.018475 0.000122
0.006924 0.000180
0.001795 0.000351
0.004294 0.000000
0.014810 0.000000
0.005411 0.000236
0.002430 0.000009
0.003620 0.000071
0.005733 0.000045
0.000021 0.000158
0.000002 0.000166
0.001019 0.000054
0.000217 0.000002
0.002881 0.000000
0.000089 0.000000
0.000040 0.000000
0.006305 0.000052
0.002580 0.000370
0.001490 0.000506
0.000199 0.000283
0.015880 0.000765
0.028665 0.000714
0.003858 0.000240
0.007416 0.000612
0.006542 0.001158
0.003504 0.000779
0.006271 0.000196
0.005430 0.001034
0.000190 0.001251
0.001836 0.000440
0.000171 0.000170
0.003825 0.000531
0.003691 0.000271
0.006622 0.000733
0.003172 0.000401
0.000636 0.000372
0.000005 0.000441
0.000476 0.000215
0.002939 0.000152
0.008637 0.000365
0.003363 0.000305
0.000017 0.000548
0.015112 0.000757
0.000185 0.000215
0.000046 0.000337
0.004587 0.000391
0.000802 0.000756
0.000810 0.000601
0.000001 0.000787
0.000007 0.000570
0.000002 0.000407
0.000001 0.000420
0.000001 0.000345
0.000004 0.000430
0.000006 0.000548
0.007755 0.000643
0.000502 0.000772
0.001584 0.000673
0.004093 0.000587
0.004351 0.000523
0.000972 0.000658
0.000153 0.000690
0.000273 0.000962
0.004222 0.000528
0.000245 0.000531
0.000006 0.000570
0.001127 0.000610
0.000241 0.000652
0.000001 0.000811
0.000001 0.001292
0.000109 0.000712
0.000057 0.000584
0.000034 0.000718
0.000002 0.000571
0.000000 0.000855
0.000001 0.001188
0.000000 0.001264
0.000000 0.001031
0.000205 0.000862
0.000049 0.000864
0.000552 0.001851
0.011840 0.001232
0.007750 0.001431
0.000096 0.001220
0.003189 0.001073
0.000559 0.001195
0.000126 0.001253
0.004773 0.000730
0.001971 0.000897
0.003020 0.000921
0.005646 0.000666
0.001793 0.000936
0.000757 0.001291
0.001597 0.001315
0.002239 0.001171
0.008899 0.001351
0.000292 0.001438
0.000195 0.001256
0.012032 0.000826
0.002814 0.000467
0.000052 0.001202
0.002928 0.000900
0.000480 0.001766
0.000113 0.001715
0.000008 0.002434
0.000000 0.002640
0.000003 0.002782
0.000073 0.002589
0.000002 0.001754
0.000040 0.001709
0.000044 0.001944
0.000337 0.002037
0.001627 0.001698
0.000153 0.001873
0.006324 0.001206
0.006674 0.001178
0.000269 0.002341
0.003221 0.001252
0.001807 0.002309
0.000193 0.002798
0.000011 0.002284
0.000005 0.002642
0.000001 0.002112
0.000456 0.001418
0.000003 0.003080
0.000003 0.004111
0.000000 0.003563
0.000000 0.003253
0.000004 0.003618
0.000001 0.001901
0.000000 0.003195
0.000000 0.002666
0.000000 0.002554
0.000676 0.002460
0.001270 0.001532
0.007036 0.001272
0.001662 0.002678
0.000202 0.002353
0.000314 0.002561
0.000013 0.003246
0.000000 0.002673
0.002048 0.001688
0.003103 0.001294
0.000107 0.001816
0.000001 0.002502
0.000010 0.002933
0.000002 0.002344
0.000011 0.003154
0.000016 0.002977
0.000000 0.002949
0.000014 0.002377
0.000000 0.002867
0.000001 0.003551
0.000265 0.003753
0.001470 0.003008
0.000001 0.002424
0.000716 0.002739
0.001351 0.000749
0.005611 0.000615
0.003366 0.001507
0.001278 0.000739
0.000404 0.001787
0.001485 0.001535
0.002150 0.001414
0.002948 0.001466
0.000000 0.002570
0.005023 0.001834
0.000722 0.002917
0.000035 0.002843
0.000012 0.003090
0.000124 0.003423
0.007307 0.002411
0.002813 0.002192
0.003213 0.002341
0.000007 0.003262
0.001140 0.001991
0.005949 0.001871
0.007995 0.002282
0.006420 0.002528
0.000987 0.002265
0.000179 0.002797
0.014624 0.001799
0.000082 0.002422
0.001252 0.002194
0.010003 0.003069
0.000525 0.002970
0.004273 0.001403
0.002539 0.001923
0.000090 0.001911
0.000139 0.002070
0.000461 0.002640
0.000000 0.002881
0.004738 0.001503
0.000087 0.002798
0.000368 0.002086
0.003471 0.002679
0.013202 0.004739
0.007244 0.002182
0.000011 0.003009
0.000180 0.002205
0.000049 0.002175
0.002794 0.001380
0.001195 0.002485
0.010092 0.001999
0.000071 0.002849
0.002683 0.001937
0.000194 0.002303
0.000451 0.002330
0.000010 0.002361
0.000000 0.002239
0.002388 0.001602
0.003263 0.001691
0.000685 0.001806
0.001906 0.002026
0.000353 0.002606
0.002646 0.003031
0.000005 0.003331
0.003644 0.002074
0.015587 0.001654
0.000811 0.001158
0.001647 0.002009
0.001107 0.002551
0.000000 0.001637
0.000003 0.002873
0.000003 0.003196
0.000001 0.003074
0.000000 0.002195
0.008890 0.001257
0.013291 0.001455
0.000723 0.002294
0.000213 0.001804
0.007042 0.001375
0.000004 0.002745
0.000312 0.001082
0.000006 0.002529
0.006064 0.001719
0.000142 0.001242
0.000002 0.002316
0.000187 0.002279
0.000273 0.002252
0.001173 0.001845
0.001138 0.001779
0.004776 0.001125
0.000176 0.001453
0.000034 0.001191
0.000030 0.001763
0.000104 0.001465
0.016676 0.001379
0.011652 0.001264
0.000171 0.001602
0.000004 0.002151
0.001089 0.001728
0.001476 0.001141
0.000219 0.000868
0.002173 0.001163
0.000042 0.001361
0.000005 0.001726
0.000611 0.001093
0.000005 0.001045
0.000000 0.001093
0.013395 0.000969
0.001631 0.001525
0.000046 0.001397
0.001956 0.001588
0.000984 0.001431
0.001020 0.000705
0.000293 0.001497
0.002327 0.001264
0.002230 0.001712
0.000111 0.001108
0.000344 0.000654
0.000003 0.000827
0.000004 0.000992
0.000000 0.000951
0.000002 0.001386
0.000006 0.001168
0.000052 0.000675
0.000363 0.000641
0.000102 0.000500
0.001808 0.000478
0.001576 0.000487
0.002472 0.000580
0.003558 0.000526
0.004011 0.000456
0.000977 0.000376
0.004589 0.000497
0.006119 0.000723
0.000087 0.000645
0.000763 0.000556
0.000374 0.000284
0.000504 0.000156
0.003912 0.000251
0.002580 0.000378
0.000075 0.000211
0.000074 0.000202
0.000012 0.000666
0.000405 0.000871
0.000001 0.000540
0.000025 0.000132
0.000001 0.000222
0.003932 0.000095
0.000045 0.000263
0.000076 0.000300
0.000960 0.000102
0.002946 0.000190
0.004505 0.000645
0.011565 0.000471
0.000122 0.000239
0.005090 0.000149
0.002122 0.000036
0.000358 0.000129
0.010878 0.000150
0.000155 0.000163
0.005449 0.000073
0.000269 0.000339
0.000528 0.000481
0.006927 0.000558
0.000546 0.000268
0.000060 0.000039
0.000200 0.000026
0.000006 0.000000
0.022748 0.000122
0.000747 0.000330
0.000001 0.000000
0.000006 0.000000
0.000007 0.000000
0.000272 0.000000
0.000928 0.000026
0.000021 0.000000
0.000038 0.000038
0.000059 0.000420
0.000073 0.000417
0.000031 0.000000
0.000010 0.000001
0.000000 0.000000
0.000007 0.000000
0.003647 0.000000
0.000777 0.000431
0.000225 0.000088
0.000192 0.000158
0.000014 0.000322
0.000004 0.000251
0.000407 0.000000
0.002072 0.000000
0.000046 0.000053
0.000380 0.000065
0.000903 0.000000
0.001359 0.000024
0.000005 0.000125
0.000114 0.000036
0.004277 0.000175
0.001178 0.000278
0.004626 0.000450
0.018982 0.000561
0.007562 0.000568
0.012150 0.000731
0.001553 0.000682
0.000002 0.000109
0.000002 0.000104
0.000018 0.000238
0.000003 0.000536
0.004209 0.000684
0.002812 0.000206
0.000240 0.000087
0.000004 0.000550
0.000000 0.000367
0.000176 0.000025
0.000212 0.000059
0.000013 0.000000
0.003134 0.000012
0.003105 0.000367
0.001157 0.000535
0.004036 0.000910
0.004986 0.000338
0.000160 0.000524
0.009141 0.000051
0.000572 0.000000
0.000382 0.000000
0.000011 0.000000
0.000000 0.000159
0.000058 0.000026
0.000005 0.000000
0.000754 0.000000
0.000029 0.000016
0.000054 0.000031
0.000057 0.000283
0.000000 0.000512
0.000002 0.000281
0.002715 0.000162
0.003010 0.000048
0.000242 0.000028
0.000310 0.000061
0.006316 0.000138
0.000475 0.000075
0.000811 0.000630
0.005038 0.000757
0.000933 0.000369
0.000127 0.000110
0.004614 0.000241
0.000932 0.000135
0.000011 0.000189
0.000083 0.000349
0.005672 0.000280
0.007467 0.000256
0.001008 0.000576
0.000058 0.000474
0.000008 0.000502
0.001119 0.000282
0.000120 0.000704
0.000031 0.000281
0.000576 0.000571
0.000225 0.000612
0.000041 0.001083
0.003366 0.000731
0.017747 0.001063
0.007390 0.000194
0.007184 0.000515
0.000783 0.000679
0.011626 0.000669
0.009042 0.000503
0.000013 0.000505
0.000045 0.000628
0.000954 0.000885
0.010868 0.000488
0.002006 0.000393
0.000290 0.000490
0.001473 0.000505
0.003183 0.000732
0.003482 0.001019
0.000014 0.001281
0.000253 0.000474
0.001727 0.000484
0.000019 0.000713
0.000111 0.001197
0.000019 0.001888
0.000191 0.001192
0.003081 0.001197
0.006030 0.000454
0.010754 0.000576
0.005347 0.001210
0.000782 0.001395
0.000650 0.001306
0.026730 0.000377
0.000950 0.001013
0.000005 0.001328
0.000000 0.001781
0.000002 0.001803
0.000001 0.001503
0.001202 0.000807
0.004694 0.000605
0.004679 0.001054
0.004052 0.001429
0.003209 0.001191
0.000000 0.001927
0.000057 0.001710
0.000000 0.002235
0.000000 0.001945
0.000004 0.001811
0.000000 0.001462
0.000000 0.002389
0.000012 0.001854
0.000008 0.002108
0.000042 0.001617
0.000002 0.002249
0.000130 0.001688
0.000273 0.001293
0.000029 0.002169
0.004462 0.001145
0.000184 0.001494
0.000003 0.001662
0.000003 0.001615
0.000010 0.002301
0.000104 0.001700
0.000000 0.001867
0.001668 0.002552
0.000584 0.002038
0.001648 0.001602
0.000030 0.001916
0.000786 0.001814
0.000274 0.001496
0.000000 0.001418
0.000000 0.002422
0.000324 0.002144
0.000001 0.001962
0.000000 0.003557
0.000000 0.003359
0.000000 0.003421
0.000003 0.002615
0.000002 0.002093
0.000000 0.002591
0.000000 0.003077
0.000000 0.002388
0.000000 0.003160
0.000724 0.001969
0.001116 0.001623
0.000319 0.003374
0.005182 0.001342
0.000463 0.002354
0.000017 0.002304
0.000017 0.003168
0.003194 0.001740
0.004743 0.001509
0.000199 0.002162
0.004392 0.002076
0.000058 0.003115
0.000001 0.003190
0.000000 0.004927
0.000000 0.005166
0.000716 0.002906
0.000004 0.002516
0.001144 0.001406
0.000224 0.002398
0.000001 0.004078
0.000785 0.002409
0.000008 0.002609
0.000011 0.003037
0.005749 0.003204
0.016836 0.001506
0.021925 0.001218
0.001374 0.003193
0.011480 0.001419
0.003319 0.002377
0.003835 0.001872
0.003510 0.002193
0.000009 0.002702
0.000103 0.002100
0.000612 0.002365
0.004156 0.002866
0.000081 0.002314
0.000000 0.004433
0.000000 0.004614
0.000000 0.003696
0.000896 0.003547
0.000419 0.001857
0.001310 0.002045
0.000145 0.002652
0.000001 0.003365
0.000000 0.003277
0.010903 0.002119
0.006654 0.000713
0.010088 0.001706
0.012322 0.000697
0.000322 0.000747
0.000017 0.002695
0.000481 0.002824
0.004819 0.002977
0.014606 0.000755
0.001224 0.002010
0.000637 0.001946
0.000186 0.001768
0.000022 0.003807
0.003304 0.001992
0.002446 0.001585
0.000042 0.002105
0.000000 0.003141
0.001981 0.002718
0.002138 0.002736
0.002411 0.001463
0.000003 0.003574
0.000000 0.004722
0.000000 0.004507
0.002583 0.001876
0.001641 0.001863
0.001893 0.001681
0.005831 0.001727
0.003237 0.001368
0.000010 0.002961
0.001809 0.001879
0.012952 0.001999
0.001341 0.002233
0.000528 0.002210
0.001096 0.002357
0.002160 0.002149
0.001151 0.002222
0.002649 0.001982
0.008572 0.001863
0.001301 0.002238
0.000370 0.002094
0.001004 0.002322
0.014089 0.001573
0.001076 0.002449
0.000025 0.002031
0.000002 0.002489
0.000202 0.002806
0.002499 0.001807
0.001231 0.001775
0.002917 0.002445
0.017114 0.001304
0.000779 0.002637
0.003177 0.002021
0.012195 0.002827
0.000841 0.001792
0.000438 0.002317
0.000066 0.002137
0.000608 0.001619
0.003045 0.001107
0.000206 0.001612
0.000626 0.002086
0.005486 0.001372
0.000080 0.001656
0.000071 0.001655
0.000540 0.001643
0.000006 0.001376
0.000006 0.001823
0.000212 0.001810
0.000022 0.001705
0.000005 0.002046
0.000886 0.001641
0.005086 0.000903
0.003332 0.001198
0.000365 0.001638
0.007442 0.000844
0.004606 0.001396
0.000155 0.001315
0.002683 0.000974
0.002913 0.001491
0.004364 0.001561
0.006507 0.000989
0.001345 0.001610
0.000761 0.001313
0.002080 0.000937
0.002851 0.000860
0.000081 0.000702
0.000054 0.001396
0.005337 0.000716
0.002415 0.000755
0.000747 0.000803
0.000002 0.001039
0.022638 0.000983
0.000703 0.000602
0.000022 0.000697
0.010312 0.001035
0.000547 0.001216
0.002663 0.001321
0.002624 0.000946
0.003033 0.000547
0.000158 0.001624
0.003062 0.001484
0.009925 0.000841
0.000129 0.001287
0.000086 0.000921
0.000009 0.000943
0.000006 0.000641
0.001516 0.000677
0.003416 0.001026
0.007051 0.000922
0.002994 0.001051
0.001214 0.000917
0.000164 0.000708
0.002441 0.001024
0.005066 0.000622
0.003753 0.001087
0.000794 0.000407
0.011558 0.000345
0.001738 0.000309
0.002332 0.000554
0.000099 0.000732
0.001233 0.000194
0.000644 0.000529
0.000001 0.000782
0.000005 0.000598
0.000015 0.000473
0.000006 0.001115
0.000001 0.000662
0.001962 0.000201
0.000174 0.000388
0.002567 0.000617
0.000006 0.000170
0.000194 0.000325
0.000082 0.000266
0.000003 0.000294
0.002506 0.000256
0.000008 0.000369
0.001246 0.000142
0.000593 0.000827
0.000020 0.000631
0.000001 0.000144
0.000004 0.000481
0.000420 0.000299
0.000006 0.000114
0.001920 0.000034
0.000019 0.000387
0.000519 0.000452
0.000001 0.000532
0.008191 0.000077
0.005692 0.000000
0.005005 0.000009
0.028541 0.000024
0.000033 0.000071
0.001196 0.000070
0.000009 0.000277
0.003101 0.000260
0.000103 0.000366
0.000094 0.000220
0.000001 0.000275
0.000282 0.000402
0.000043 0.000189
0.000099 0.000070
0.000007 0.000131
0.000027 0.000057
0.000002 0.000527
0.004136 0.000761
0.001751 0.000605
0.000001 0.000475
0.000001 0.000181
0.000001 0.000000
0.000070 0.000000
0.001752 0.000017
0.002380 0.000164
0.001480 0.000044
0.000031 0.000073
0.000780 0.000019
0.000956 0.000134
0.000065 0.000000
0.000298 0.000011
0.000002 0.000022
0.000039 0.000000
0.000011 0.000000
0.001856 0.000385
0.005684 0.000374
0.021625 0.000006
0.000009 0.000000
0.000000 0.000136
0.000604 0.000153
0.002246 0.000026
0.003402 0.000065
0.000531 0.000396
