234835.2
218592
204768
196992
187056
167270.4
165283.2
162864
177033.6
185587.2
195004.8
260236.8
312768
279849.6
308620.8
1036800
723513.6
943488
575164.8
635126.4
565142.4
955584
1127520
1105920
642643.2
551404.8
1812672
604886.4
504230.4
317865.6
259545.6
234489.6
292896
222307.2
223430.4
488851.2
575856
462067.2
527904
426211.2
327715.2
263347.2
263952
282441.6
247104
248832
226368
189820.8
173318.4
159148.8
149817.6
139017.6
133228.8
125798.4
170985.6
559699.2
2254176
966816
701136
474422.4
347328
286934.4
251769.6
318211.2
531878.4
405734.4
304214.4
254016
217814.4
196992
186969.6
167788.8
156729.6
151372.8
142387.2
135820.8
133315.2
124156.8
122947.2
112320
112147.2
110592
110505.6
155779.2
589420.8
236217.6
182217.6
913248
4423680
2427840
1197504
1117152
1838592
892512
905472
540864
383875.2
314582.4
271382.4
239328
212112
189043.2
171849.6
159408
148694.4
137894.4
128908.8
125712
118713.6
109555.2
102556.8
99273.6
97113.6
93830.4
91152
87091.2
84412.8
85104
81043.2
78019.2
75600
72230.4
69465.6
67824
73180.8
84758.4
75686.4
70588.8
69811.2
66009.6
65145.6
62121.6
62294.4
68688
62985.6
59702.4
56937.6
54691.2
53136
52704
51235.2
50630.4
48729.6
49593.6
48902.4
48211.2
49075.2
47260.8
47260.8
50716.8
46224
46051.2
43804.8
40867.2
39484.8
39312
43027.2
43977.6
50976
57715.2
48902.4
43545.6
39571.2
39916.8
38188.8
37152
36115.2
32659.2
30067.2
29376
29376
28598.4
27302.4
27388.8
27734.4
27648
27907.2
23932.8
23155.2
24969.6
24451.2
27302.4
29548.8
25315.2
25920
23500.8
23587.2
25488
19785.6
18057.6
31104
30758.4
23932.8
21600
62035.2
70761.6
49680
39830.4
35596.8
37843.2
43545.6
62726.4
49420.8
39830.4
35337.6
34041.6
33004.8
31968
31363.2
30585.6
30758.4
31017.6
29894.4
28857.6
25056
22636.8
24624
28252.8
29289.6
30153.6
28771.2
36028.8
34732.8
35856
39484.8
35683.2
33696
33436.8
35683.2
33264
32572.8
53913.6
53827.2
40608
45705.6
45792
39312
36460.8
34992
34128
34473.6
34128
33091.2
33264
33264
32400
32313.6
32227.2
33523.2
179539.2
221616
88128
65923.2
64281.6
54777.6
54777.6
58492.8
52444.8
45100.8
41040
38966.4
44755.2
47779.2
43804.8
43459.2
76204.8
280540.8
105494.4
72576
64022.4
66182.4
443577.6
281923.2
362880
260755.2
170899.2
136598.4
146102.4
239328
158112
114912
102729.6
92707.2
83808
77328
73008
70070.4
67392
64022.4
61430.4
64022.4
71366.4
67219.2
62899.2
147571.2
671760
254966.4
158198.4
164332.8
141782.4
115344
119923.2
103248
90374.4
86659.2
115689.6
109382.4
212198.4
209001.6
218937.6
208137.6
396316.8
541382.4
271900.8
263260.8
258163.2
186019.2
344908.8
265852.8
196214.4
172454.4
155865.6
152928
185932.8
424224
847411.2
489456
304905.6
249609.6
224380.8
215481.6
215740.8
227923.2
237427.2
254448
246758.4
268617.6
255830.4
238204.8
242524.8
194313.6
211852.8
238032
2350080
2630880
778377.6
531878.4
579830.4
667526.4
959904
421718.4
297302.4
250387.2
192326.4
189648
188265.6
169257.6
145065.6
158371.2
153100.8
162604.8
184636.8
271814.4
440035.2
948672
839289.6
401155.2
306028.8
521078.4
568771.2
327283.2
274060.8
349142.4
239846.4
875232
1636416
557798.4
1344384
842486.4
770688
563328
384307.2
309139.2
273715.2
235612.8
208051.2
200880
194918.4
188352
181094.4
172281.6
170985.6
156297.6
143942.4
139536
134352
129254.4
128908.8
207360
793843.2
521164.8
549849.6
1651968
537408
430012.8
461548.8
344131.2
521337.6
388627.2
381974.4
332380.8
1060128
448329.6
363052.8
436060.8
411004.8
313027.2
272073.6
414892.8
307411.2
259459.2
248400
214876.8
190339.2
176428.8
166579.2
157680
152236.8
142300.8
134438.4
128304
129600
140140.8
135993.6
136425.6
296006.4
321408
225590.4
515894.4
370742.4
247968
192758.4
164419.2
151286.4
136339.2
125020.8
119145.6
114912
111628.8
106876.8
101433.6
97286.4
95126.4
100915.2
137980.8
112924.8
118281.6
103593.6
99792
102297.6
99878.4
89596.8
84240
81043.2
78710.4
77241.6
73612.8
74131.2
73180.8
71884.8
69984
68169.6
68342.4
68169.6
66960
65836.8
64540.8
65664
64108.8
61948.8
60998.4
60480
59788.8
59702.4
58492.8
57628.8
57542.4
57024
56851.2
57628.8
61344
91843.2
204681.6
98582.4
77414.4
71020.8
67219.2
71539.2
69206.4
64281.6
63244.8
61862.4
60048
56937.6
56764.8
61603.2
72748.8
71971.2
66268.8
61430.4
63504
63590.4
58924.8
55641.6
53222.4
51235.2
51753.6
49766.4
47088
45792
49593.6
47088
58492.8
52272
48988.8
47865.6
78019.2
84844.8
86486.4
65750.4
58579.2
61171.2
56937.6
62553.6
84412.8
93744
95212.8
129945.6
117504
107827.2
83289.6
90720
77673.6
62726.4
54172.8
51235.2
48211.2
45360
45187.2
43804.8
54604.8
104889.6
79401.6
72230.4
150508.8
218505.6
165628.8
123724.8
80870.4
66528
61084.8
170294.4
482889.6
185846.4
146275.2
429408
180057.6
114998.4
92620.8
78105.6
69811.2
66009.6
61171.2
59356.8
57715.2
55382.4
54518.4
66700.8
148521.6
127612.8
105494.4
124156.8
679968
1003968
440553.6
202435.2
617414.4
2966976
708998.4
409622.4
274060.8
202608
279158.4
239328
190252.8
194054.4
150249.6
132278.4
117072
109468.8
104889.6
101606.4
100224
156729.6
185760
264556.8
149472
122774.4
111715.2
106185.6
110764.8
115344
109382.4
135388.8
115084.8
101952
103593.6
107395.2
103852.8
156470.4
127440
101001.6
88992
260150.4
416016
377308.8
335664
400204.8
235353.6
184377.6
148262.4
130032
119750.4
116208
105321.6
100051.2
95385.6
91238.4
93398.4
641952
311817.6
183686.4
150940.8
148521.6
129945.6
147830.4
211939.2
160185.6
134524.8
155692.8
148089.6
130032
120614.4
112838.4
343958.4
303264
163468.8
137548.8
172972.8
145152
126921.6
116294.4
122169.6
115430.4
104457.6
97804.8
96595.2
97286.4
99187.2
99360
94089.6
110419.2
121046.4
104457.6
92880
88560
90720
90633.6
87091.2
97804.8
222912
133056
113961.6
104803.2
97200
91929.6
87091.2
82512
79660.8
78192
82857.6
84499.2
112838.4
249782.4
185068.8
249436.8
158630.4
346377.6
360892.8
642556.8
279244.8
212457.6
175564.8
146793.6
133315.2
151718.4
360028.8
248486.4
186883.2
468547.2
325296
270172.8
198720
163555.2
175737.6
159235.2
137980.8
193795.2
262396.8
403488
282009.6
244857.6
196646.4
180057.6
172454.4
157161.6
166406.4
143769.6
231465.6
385862.4
229564.8
177033.6
192844.8
192585.6
247276.8
169516.8
149212.8
135129.6
125798.4
118540.8
113961.6
112060.8
104284.8
100137.6
94608
78969.6
92966.4
96422.4
102297.6
111542.4
141955.2
112752
98668.8
105753.6
144547.2
164073.6
157507.2
126057.6
115084.8
122515.2
112579.2
100915.2
91324.8
83808
86486.4
85276.8
90460.8
82771.2
80179.2
154483.2
161395.2
147571.2
155088
133315.2
113443.2
100137.6
93657.6
91238.4
90028.8
78192
78624
77414.4
77328
74563.2
69811.2
66960
65923.2
66700.8
64972.8
62640
61084.8
61603.2
63504
91238.4
78969.6
70848
72662.4
65059.2
63072
59875.2
58320
57024
55900.8
55555.2
54777.6
55900.8
56246.4
52099.2
49766.4
49075.2
47779.2
46656
46051.2
45360
44150.4
43200
42249.6
41472
40521.6
40262.4
40003.2
40262.4
43545.6
92016
120355.2
116553.6
90806.4
90633.6
69897.6
67046.4
599702.4
389750.4
170812.8
119836.8
99964.8
84067.2
76809.6
88300.8
79747.2
101779.2
196732.8
311212.8
316742.4
173318.4
217728
193881.6
608515.2
347760
191289.6
152409.6
151372.8
126835.2
109728
100656
92361.6
83030.4
82512
83030.4
82339.2
78278.4
1118016
644716.8
289872
196905.6
156124.8
136166.4
114652.8
133660.8
438134.4
273542.4
161049.6
129859.2
110678.4
98496
90374.4
83808
77932.8
74736
72403.2
71971.2
79142.4
218592
182217.6
106012.8
88387.2
79142.4
82166.4
333158.4
318038.4
1044576
628473.6
353721.6
228441.6
170208
139276.8
121737.6
407462.4
2717280
907200
372816
273196.8
220924.8
740102.4
2415744
567993.6
326332.8
245721.6
233280
248572.8
952992
486518.4
281836.8
228528
212803.2
200275.2
409795.2
270259.2
644457.6
2614464
684633.6
926208
672537.6
775612.8
442713.6
335836.8
282182.4
237686.4
206582.4
281232
1408320
576028.8
302054.4
232675.2
207446.4
195696
200016
174355.2
162604.8
151286.4
249955.2
211766.4
152323.2
144115.2
148953.6
131500.8
117676.8
111715.2
665020.8
577152
367718.4
196300.8
155174.4
136684.8
127440
123292.8
126748.8
147139.2
579398.4
527558.4
1212192
442713.6
293155.2
260236.8
203990.4
179452.8
187142.4
183168
200448
172972.8
208569.6
271382.4
290131.2
218678.4
165542.4
152841.6
136512
127612.8
117590.4
109641.6
109555.2
106012.8
101865.6
100483.2
148089.6
167616
118800
112233.6
107481.6
98150.4
96681.6
100483.2
95299.2
86486.4
473472
487641.6
196128
151804.8
1342656
4511808
836611.2
407289.6
277776
210816
191721.6
168393.6
223516.8
252547.2
176515.2
163382.4
140313.6
126576
119577.6
113443.2
108345.6
1168128
3057696
414979.2
319939.2
264729.6
481680
1238112
628646.4
401328
286156.8
231379.2
203212.8
195177.6
184377.6
171590.4
168048
164937.6
220752
173404.8
155952
267062.4
238809.6
287971.2
198028.8
161049.6
148953.6
180662.4
164160
143424
144547.2
137721.6
122688
119664
129513.6
182131.2
148176
132192
122774.4
123465.6
176083.2
155779.2
134956.8
350956.8
279763.2
234316.8
863049.6
2281824
1375488
427420.8
300240
251078.4
249868.8
206150.4
202176
211161.6
181699.2
229219.2
388195.2
325296
279849.6
236649.6
208224
172540.8
153878.4
768355.2
542246.4
266198.4
227491.2
216604.8
291081.6
2334528
1868832
2094336
857174.4
695692.8
489715.2
965088
1215648
590198.4
430704
323827.2
313286.4
251683.2
319680
255830.4
219369.6
199756.8
188611.2
341798.4
308880
225072
201657.6
192585.6
173577.6
163296
186278.4
178848
154396.8
146102.4
143596.8
138758.4
137116.8
142992
158976
159840
162691.2
172713.6
229737.6
1344384
1920672
1958688
726192
709948.8
419212.8
302227.2
274147.2
253324.8
337564.8
404697.6
239932.8
206841.6
192067.2
183168
170899.2
152841.6
181353.6
499910.4
279158.4
199152
174096
154656
143251.2
138585.6
129600
122947.2
117590.4
114912
110851.2
106704
102297.6
99964.8
98236.8
94521.6
92880
92188.8
89164.8
88300.8
102816
158025.6
296784
164419.2
122428.8
119836.8
122515.2
113788.8
115257.6
174182.4
434764.8
566438.4
518486.4
426816
331084.8
260409.6
210470.4
177897.6
159235.2
149212.8
146880
142905.6
156297.6
201916.8
206064
214531.2
303264
378691.2
351907.2
250992
191980.8
158457.6
141523.2
127008
120960
116121.6
110073.6
110592
129340.8
106617.6
102729.6
121651.2
145929.6
133660.8
101433.6
98236.8
92016
84758.4
84844.8
82684.8
80611.2
77587.2
77846.4
72230.4
67737.6
67392
65923.2
68601.6
69379.2
64368
63763.2
62380.8
64108.8
67132.8
66960
66182.4
63849.6
61430.4
59443.2
61344
58320
56073.6
72835.2
78278.4
171244.8
133747.2
77328
68515.2
68947.2
61948.8
58406.4
58060.8
57196.8
57369.6
62380.8
57024
54259.2
52099.2
51580.8
51580.8
50803.2
48902.4
48211.2
47088
47606.4
48556.8
50544
50630.4
47520
46915.2
48038.4
47174.4
43891.2
43545.6
38880
38361.6
42249.6
45878.4
59616
56332.8
47606.4
43545.6
45619.2
54086.4
48211.2
45878.4
41644.8
44755.2
42508.8
38620.8
37411.2
34041.6
35078.4
37065.6
32745.6
33350.4
34387.2
36806.4
31104
33782.4
29376
30758.4
31449.6
32572.8
34300.8
36288
34646.4
36547.2
38880
48038.4
161827.2
80352
55641.6
172972.8
109468.8
188956.8
111628.8
91324.8
74044.8
61344
57456
243302.4
136944
88214.4
72057.6
63158.4
57801.6
55296
58233.6
55555.2
52963.2
56073.6
55209.6
57715.2
56332.8
50630.4
49593.6
50976
49248
59184
75427.2
63676.8
56073.6
52704
52099.2
50457.6
49075.2
46310.4
46051.2
45187.2
44496
43459.2
43804.8
70588.8
103680
67219.2
56332.8
50889.6
50544
50284.8
50630.4
47692.8
52704
50976
46137.6
44064
56505.6
55382.4
50112
47088
45792
45964.8
47347.2
45014.4
44755.2
43977.6
42595.2
41731.2
41212.8
43632
58838.4
90374.4
77673.6
61603.2
57456
55296
52012.8
49939.2
46742.4
45187.2
44496
44236.8
44150.4
100051.2
324345.6
303782.4
361756.8
237254.4
209260.8
700963.2
343353.6
183945.6
568771.2
332294.4
272851.2
196905.6
144374.4
123292.8
117331.2
109382.4
150854.4
271296
152064
123120
108864
98409.6
90720
85017.6
78451.2
88300.8
86572.8
80352
74563.2
69206.4
67305.6
66441.6
68169.6
64454.4
170726.4
719625.6
268617.6
173404.8
138326.4
117331.2
109123.2
102729.6
95472
104457.6
95040
86745.6
83116.8
81993.6
85968
268704
167356.8
133228.8
127785.6
122083.2
107308.8
98064
92707.2
90547.2
87177.6
103507.2
257558.4
161136
150681.6
177552
133574.4
580953.6
771033.6
872640
913248
372816
260582.4
595296
423100.8
258854.4
563068.8
417657.6
416016
372643.2
309484.8
244252.8
247190.4
410313.6
397008
261360
211248
183686.4
162086.4
152841.6
151113.6
174182.4
215481.6
196300.8
184636.8
196560
477273.6
281059.2
336614.4
433382.4
267148.8
288144
486518.4
483580.8
428198.4
529891.2
820022.4
403228.8
312508.8
331776
334886.4
243302.4
225244.8
269481.6
230601.6
195004.8
269481.6
204854.4
166147.2
158544
166147.2
185587.2
406857.6
563241.6
263260.8
207187.2
197769.6
188006.4
272678.4
219196.8
173750.4
161568
279158.4
213148.8
171849.6
171763.2
148262.4
138758.4
200793.6
217468.8
151286.4
131155.2
131846.4
213148.8
154224
132969.6
144374.4
125020.8
114912
108172.8
104544
97632
93484.8
89510.4
88041.6
83376
88214.4
87004.8
95472
84499.2
77241.6
75168
73440
99100.8
95126.4
94521.6
90460.8
86313.6
283392
179366.4
220492.8
219542.4
163296
155260.8
232848
178848
132796.8
114825.6
102816
95472
87350.4
81561.6
77500.8
75513.6
72921.6
69206.4
67478.4
66009.6
64368
65750.4
64713.6
66009.6
83116.8
141004.8
91584
84240
75513.6
248918.4
714096
241315.2
154396.8
128217.6
114998.4
103248
99964.8
117590.4
113529.6
276048
191203.2
130636.8
138240
135993.6
105753.6
94694.4
86659.2
81648
76377.6
73353.6
69984
101001.6
83376
79574.4
110246.4
112752
93052.8
104025.6
123811.2
84412.8
73353.6
67478.4
64454.4
63244.8
525484.8
398044.8
172627.2
424656
349747.2
174787.2
236563.2
152064
118108.8
169516.8
128995.2
109036.8
95731.2
86832
80438.4
72057.6
69638.4
66960
64713.6
62726.4
63849.6
61084.8
54777.6
58492.8
55987.2
52963.2
47347.2
45705.6
46742.4
47260.8
48816
47952
44236.8
41385.6
54000
47952
42595.2
41817.6
40608
41126.4
35510.4
38448
40435.2
40348.8
37843.2
41212.8
37411.2
35596.8
31449.6
32227.2
33091.2
30153.6
36633.6
41385.6
35942.4
33264
32313.6
34387.2
37756.8
40780.8
38620.8
30758.4
32486.4
39916.8
40003.2
79488
100051.2
148003.2
254793.6
100051.2
74304
58492.8
49766.4
44496
40089.6
37497.6
34214.4
32572.8
41558.4
41644.8
35337.6
32659.2
30585.6
28857.6
28512
32659.2
34992
32745.6
29203.2
27734.4
26697.6
26006.4
26179.2
26524.8
26438.4
25142.4
24019.2
24969.6
25228.8
24883.2
24624
24796.8
24883.2
31190.4
29808
28166.4
28598.4
28425.6
27475.2
25833.6
25056
25401.6
26352
25401.6
23932.8
23241.6
23587.2
23760
22032
22896
22636.8
213321.6
803260.8
237254.4
188524.8
144028.8
103939.2
110073.6
96076.8
80438.4
69897.6
64972.8
60739.2
57974.4
61862.4
65750.4
282096
156902.4
106444.8
88214.4
73267.2
69465.6
64800
59875.2
55382.4
55123.2
164764.8
155347.2
117936
105667.2
99273.6
90720
87004.8
617414.4
587260.8
330825.6
287884.8
214963.2
204163.2
165283.2
146534.4
184809.6
184377.6
719625.6
406166.4
266716.8
685065.6
388713.6
321667.2
334886.4
265248
337737.6
254102.4
201657.6
176601.6
182563.2
181872
177033.6
189648
169430.4
152409.6
150422.4
134611.2
126576
117158.4
111542.4
116121.6
107049.6
190944
544579.2
342662.4
257299.2
223171.2
244684.8
189388.8
197510.4
308016
220406.4
190944
166752
187747.2
405820.8
256608
224726.4
199324.8
171072
175219.2
175737.6
149299.2
141955.2
150768
179884.8
211334.4
172886.4
143683.2
139536
199670.4
192412.8
206582.4
258854.4
428457.6
331084.8
324864
268963.2
235267.2
414892.8
246412.8
190080
190425.6
172540.8
152668.8
134870.4
125884.8
165628.8
161395.2
153878.4
156124.8
142473.6
170467.2
148262.4
129600
154569.6
142300.8
121392
114912
109209.6
119664
152841.6
154051.2
162172.8
186710.4
146620.8
125280
116726.4
114220.8
109987.2
102556.8
101520
91065.6
88819.2
89683.2
85104
79401.6
85363.2
101779.2
94608
83635.2
108777.6
95731.2
104889.6
131414.4
97200
84499.2
77932.8
73872
72316.8
71452.8
67046.4
64454.4
60048
61084.8
143337.6
316224
148694.4
114652.8
111542.4
103161.6
93398.4
85104
79920
72144
69379.2
66441.6
62380.8
62899.2
91152
77068.8
128995.2
111801.6
114220.8
155260.8
100224
84412.8
90460.8
84758.4
75945.6
69984
65491.2
62121.6
59529.6
58233.6
53654.4
56073.6
53654.4
51667.2
50198.4
47088
45014.4
43372.8
42940.8
42336
40694.4
39830.4
39657.6
40435.2
52617.6
43113.6
39657.6
39744
42595.2
45014.4
39484.8
38102.4
105667.2
78624
250041.6
184636.8
111456
93225.6
243734.4
161568
119577.6
88819.2
71280
63936
59184
54432
50716.8
54777.6
53308.8
46137.6
43027.2
41731.2
39225.6
38966.4
37929.6
36201.6
40435.2
41904
38620.8
39225.6
51926.4
46137.6
56851.2
40348.8
34732.8
34387.2
34732.8
32832
33177.6
31449.6
29721.6
27734.4
29548.8
30931.2
32486.4
26265.6
27907.2
27907.2
26179.2
27216
29030.4
29462.4
30153.6
28598.4
29808
29808
32745.6
29808
28339.2
22809.6
21600
23414.4
24624
28080
78624
76118.4
54172.8
63590.4
63158.4
45705.6
42076.8
48816
43804.8
43804.8
44755.2
40176
40867.2
104198.4
72057.6
72835.2
67996.8
64540.8
59270.4
47520
41472
46483.2
55296
117590.4
164332.8
122083.2
76377.6
56678.4
49852.8
46656
44064
40089.6
38793.6
37152
34387.2
31968
31190.4
31017.6
31017.6
29203.2
30240
49075.2
41731.2
33609.6
29894.4
39139.2
36201.6
32227.2
32054.4
33609.6
61171.2
47088
38707.2
37756.8
42163.2
38275.2
34732.8
32745.6
32140.8
33523.2
31536
32400
30931.2
29808
28857.6
28339.2
29030.4
29462.4
29462.4
28425.6
35078.4
40953.6
39139.2
39312
35942.4
35596.8
33264
30153.6
31190.4
36979.2
36288
33782.4
33523.2
31190.4
29203.2
28166.4
27820.8
27302.4
26870.4
26524.8
26697.6
27043.2
27561.6
36460.8
56160
47260.8
39484.8
35424
33868.8
34041.6
39052.8
88041.6
78537.6
53481.6
44668.8
40262.4
37411.2
35510.4
35424
36979.2
34214.4
31363.2
32572.8
31104
30153.6
29894.4
47001.6
116985.6
83635.2
78192
69033.6
56246.4
50630.4
70848
82944
78969.6
305424
333417.6
268617.6
182131.2
128217.6
132624
254361.6
544579.2
1732320
410140.8
428889.6
648432
352598.4
250819.2
349315.2
263347.2
247968
235094.4
174700.8
149558.4
149817.6
159062.4
270086.4
232675.2
396230.4
285292.8
1471392
972864
707270.4
1412640
504748.8
350956.8
266544
226108.8
192153.6
212198.4
210038.4
208656
187228.8
207100.8
193449.6
178156.8
200448
528163.2
322963.2
349056
270259.2
360547.2
636595.2
3981312
824860.8
482457.6
368496
332985.6
290649.6
254880
470188.8
764985.6
1004832
2894400
1421280
1066176
622080
773452.8
1079136
571536
645667.2
521856
503712
370656
309571.2
276480
299030.4
373420.8
355795.2
312768
712368
372297.6
325814.4
286934.4
550195.2
1739232
541555.2
476755.2
400723.2
487036.8
588643.2
406425.6
302140.8
281318.4
299894.4
322531.2
280713.6
260582.4
229305.6
202003.2
186364.8
179798.4
312163.2
292291.2
251164.8
325987.2
1004832
418262.4
493171.2
422841.6
286243.2
237168
201744
184204.8
171763.2
163555.2
149558.4
140832
145756.8
209260.8
171590.4
167702.4
174355.2
313977.6
247536
179452.8
172627.2
225936
184809.6
164246.4
159667.2
143251.2
132796.8
125712
121219.2
116726.4
111456
106272
101952
97459.2
93744
90892.8
89683.2
84067.2
93830.4
119318.4
140572.8
103334.4
90288
83808
82166.4
85622.4
87523.2
121132.8
215827.2
144288
112579.2
105580.8
107827.2
104198.4
96249.6
198201.6
339465.6
303091.2
189993.6
158112
137808
115430.4
100137.6
93139.2
87523.2
83289.6
80006.4
76896
75340.8
76118.4
76291.2
84758.4
658281.6
325555.2
186710.4
171158.4
132883.2
114048
104544
98150.4
91497.6
87091.2
79488
74822.4
74304
71625.6
68860.8
65923.2
64195.2
63158.4
62380.8
61257.6
71107.2
68515.2
61344
57542.4
53740.8
51753.6
52358.4
62985.6
61948.8
57888
54604.8
50112
47174.4
46828.8
45100.8
47088
44755.2
43545.6
42681.6
46310.4
58492.8
46828.8
48729.6
48729.6
59875.2
60652.8
54777.6
49420.8
49161.6
52185.6
48297.6
48038.4
52531.2
44150.4
38707.2
33868.8
36633.6
36115.2
36547.2
33091.2
35769.6
41212.8
40867.2
50025.6
45964.8
40521.6
47433.6
51580.8
42422.4
40867.2
51235.2
50198.4
50803.2
44928
38793.6
36979.2
33782.4
36288
37843.2
36806.4
36720
33004.8
67996.8
55036.8
38880
34646.4
33350.4
30672
37756.8
49507.2
39830.4
35424
33523.2
29203.2
28425.6
27043.2
31276.8
32659.2
30758.4
28857.6
27388.8
23328
23500.8
32918.4
45014.4
40608
33782.4
30844.8
28944
26956.8
26438.4
25747.2
34992
43113.6
39312
33609.6
46483.2
47520
38707.2
34214.4
34128
39916.8
33609.6
30240
28512
28339.2
28512
33868.8
38793.6
33868.8
31708.8
30499.2
39052.8
49680
46396.8
40867.2
36892.8
35942.4
37497.6
36028.8
36115.2
32400
31276.8
30585.6
29721.6
32313.6
40608
36720
33091.2
31449.6
29980.8
28857.6
27907.2
26956.8
26179.2
26092.8
25920
25747.2
25574.4
25142.4
25142.4
25315.2
25142.4
26092.8
27129.6
27216
28771.2
42940.8
50803.2
96681.6
90720
73699.2
74995.2
80611.2
127094.4
97459.2
81129.6
99446.4
108000
82425.6
67564.8
58924.8
51926.4
47433.6
45100.8
44496
45014.4
43372.8
41644.8
74995.2
116553.6
780883.2
686016
263865.6
183859.2
180057.6
226454.4
663552
322790.4
305856
216345.6
180144
180230.4
149990.4
125798.4
111542.4
578188.8
4325184
655948.8
366249.6
263088
216172.8
201830.4
181612.8
160185.6
146188.8
132796.8
120960
114393.6
105840
97977.6
98236.8
118022.4
104803.2
98841.6
92188.8
85104
80697.6
79228.8
77760
75254.4
74390.4
71539.2
73612.8
73267.2
72748.8
75772.8
76464
292464
453600
314409.6
334108.8
235872
180576
155001.6
137376
131587.2
154310.4
189561.6
157680
132364.8
114393.6
112752
107740.8
102988.8
106358.4
101433.6
92448
85622.4
77587.2
79833.6
266716.8
193276.8
149558.4
129859.2
114220.8
104803.2
98582.4
94262.4
89424
85536
81475.2
77328
73699.2
96940.8
117849.6
97632
138067.2
167702.4
142214.4
118108.8
140745.6
118886.4
137289.6
357868.8
239587.2
183254.4
157507.2
793065.6
512006.4
323827.2
241747.2
198201.6
171590.4
152150.4
141955.2
130032
121046.4
114048
112924.8
1057536
555465.6
631497.6
361929.6
320889.6
246499.2
203040
174873.6
176256
573177.6
329788.8
254707.2
212716.8
203558.4
203904
178329.6
167011.2
156297.6
137462.4
126057.6
117590.4
115516.8
121996.8
182131.2
301190.4
206755.2
162086.4
321753.6
857088
318643.2
227664
186451.2
163468.8
151027.2
146102.4
155520
153964.8
186796.8
161481.6
132969.6
116121.6
105235.2
99446.4
94867.2
90979.2
86400
79833.6
77414.4
74995.2
71625.6
70761.6
66960
65491.2
63676.8
61084.8
59270.4
56937.6
56678.4
55123.2
54000
54432
56678.4
53395.2
51235.2
49939.2
48643.2
47260.8
45792
44496
42681.6
41299.2
40521.6
40176
39657.6
38188.8
37843.2
37843.2
37238.4
36979.2
37065.6
35596.8
40867.2
39225.6
36288
33177.6
34041.6
44668.8
41558.4
41990.4
39052.8
34732.8
32400
30844.8
31968
30326.4
31190.4
30499.2
28512
27043.2
28425.6
27388.8
27993.6
35424
123206.4
141350.4
132105.6
105062.4
64972.8
57542.4
50112
42422.4
38620.8
38793.6
41385.6
36028.8
32486.4
28252.8
28684.8
36115.2
33264
31276.8
29203.2
27734.4
24796.8
35251.2
37756.8
247104
215136
97804.8
58924.8
45792
55209.6
60134.4
54259.2
48038.4
40348.8
38448
42768
50371.2
40348.8
36892.8
34819.2
36460.8
33609.6
30499.2
29030.4
30067.2
27820.8
27475.2
41040
56764.8
57283.2
43372.8
56160
58665.6
43804.8
37152
34041.6
32659.2
36028.8
38534.4
41299.2
36892.8
34819.2
37065.6
46742.4
41817.6
35078.4
31708.8
32227.2
34041.6
30844.8
35596.8
67910.4
48729.6
41299.2
119145.6
73008
46396.8
39312
36720
35424
33350.4
32832
33350.4
31881.6
31276.8
30499.2
29635.2
28857.6
29462.4
29030.4
28598.4
32486.4
37411.2
33609.6
37238.4
40780.8
37411.2
37324.8
44323.2
62467.2
48729.6
45532.8
45619.2
63417.6
97113.6
107136
70156.8
56937.6
58579.2
59097.6
52012.8
51753.6
85881.6
94003.2
79574.4
132105.6
96249.6
75081.6
76204.8
82252.8
67564.8
70502.4
119491.2
90028.8
73699.2
64540.8
60652.8
60134.4
65318.4
70502.4
67132.8
66441.6
64886.4
69120
73008
70329.6
122947.2
282614.4
180489.6
132192
105321.6
95558.4
86486.4
77155.2
71280
69811.2
65318.4
62467.2
64713.6
65145.6
63676.8
61344
59788.8
55987.2
54000
55641.6
55641.6
55382.4
53740.8
51148.8
49248
47433.6
47779.2
47347.2
48124.8
47174.4
45964.8
47520
106617.6
144374.4
824342.4
787104
274665.6
178502.4
142560
133228.8
114825.6
102211.2
93225.6
88300.8
84672
80265.6
75945.6
73872
73785.6
71798.4
63244.8
50976
49075.2
63590.4
61603.2
67305.6
63849.6
72921.6
65145.6
106185.6
91756.8
96681.6
119232
99360
87782.4
85536
82771.2
430444.8
448588.8
203904
136339.2
117590.4
116553.6
290736
