1073952
993600
940032
889920
874368
843004.8
812073.6
754531.2
751593.6
740880
892512
1397088
1997568
1608768
1791936
5837184
7295616
5932224
5393952
3709152
2675808
2819232
2909952
2810592
2169504
1713312
2324160
2470176
2010528
1455840
1142208
989280
1027296
956448
889920
1181088
1670112
1350432
1351296
1346976
1536192
1231200
1267488
1470528
1261440
1170720
1271808
1054080
946944
885600
825465.6
768960
733622.4
689385.6
955584
1192320
3322080
4996512
3894048
2600640
1820448
1480896
1260576
1162944
1504224
1572480
1315008
1192320
1101600
1000512
1292544
1383264
1272672
1621728
1504224
1122336
1624320
1561248
1075680
891648
849916.8
784512
726364.8
935712
1583712
1207008
897696
1365984
5670432
11629440
7922016
4595616
3964896
3557952
2866752
2674080
1907712
1483488
1286496
1098144
986688
892512
841363.2
783129.6
718761.6
676252.8
648259.2
616896
594086.4
552441.6
512265.6
490838.4
471225.6
457747.2
452822.4
444268.8
426902.4
425865.6
408499.2
394070.4
381024
369619.2
356227.2
348019.2
350006.4
499651.2
543283.2
469584
430790.4
415497.6
400809.6
384912
376876.8
374544
367113.6
361411.2
369705.6
354585.6
337910.4
328838.4
319161.6
312249.6
325641.6
332640
318729.6
309052.8
311817.6
319852.8
311558.4
317174.4
311299.2
297043.2
288576
271900.8
260841.6
253843.2
271987.2
310262.4
312249.6
348883.2
353721.6
311904
278899.2
265420.8
264038.4
254966.4
245203.2
235699.2
226886.4
220579.2
218592
216000
207446.4
200707.2
199497.6
195782.4
195004.8
195091.2
191635.2
202003.2
198460.8
194659.2
198288
192067.2
184377.6
181699.2
177120
174873.6
167097.6
169516.8
203126.4
225158.4
201744
192758.4
250041.6
809136
485395.2
366422.4
300844.8
263001.6
258076.8
364521.6
435715.2
363484.8
294105.6
259804.8
241315.2
225849.6
216604.8
210297.6
207532.8
201052.8
207273.6
211161.6
204508.8
199497.6
196128
197424
199584
201657.6
193708.8
202521.6
232416
239414.4
365126.4
575856
553651.2
372124.8
313545.6
281836.8
255916.8
254966.4
290304
273196.8
255225.6
374284.8
358300.8
294451.2
264038.4
257731.2
250646.4
250041.6
233625.6
219715.2
212112
206150.4
200016
195523.2
189648
277689.6
483235.2
341280
278380.8
273715.2
290563.2
262310.4
251683.2
252115.2
253238.4
232156.8
217728
214790.4
220492.8
217468.8
212716.8
221529.6
1842048
1137888
594432
462672
465264
810604.8
1480896
1332288
2007072
1045440
972000
727574.4
711417.6
739756.8
576374.4
559440
546566.4
484444.8
442368
413942.4
400550.4
381456
388368
376876.8
365904
378086.4
372556.8
361929.6
472089.6
1841184
1766016
1044576
900288
904608
799113.6
763603.2
679708.8
588384
539136
547084.8
765763.2
1241568
1358208
1064448
1155168
1295136
2998944
2177280
1719360
2173824
1541376
1469664
2083104
1551744
1286496
1327968
1526688
1626912
2479680
3791232
4089312
3675456
2995488
2257632
1931904
1739232
1611360
1500768
1428192
1370304
1296000
1241568
1163808
1112832
1016064
952128
1016064
3290976
7557408
7092576
4173120
3413664
4510944
4526496
3508704
2192832
1687392
1367712
1171584
1139616
1043712
891648
887328
839376
920160
1525824
2190240
2654208
3352320
4129920
2960064
1991520
1880064
2257632
1763424
1365120
1359936
1186272
1409184
4187808
3589920
3826656
3892320
3171744
3461184
2307744
1676160
1404000
1218240
1077408
1021248
977184
925344
897696
908928
1013472
890784
787104
763344
730425.6
704937.6
703555.2
741225.6
1467936
2651616
2177280
3735936
3429216
2208384
1797984
1476576
2002752
1784160
1858464
1594944
2183328
2103840
1535328
1419552
1372032
1239840
1114560
1471392
1364256
1096416
1015200
924480
845251.2
803779.2
758937.6
717552
696384
671241.6
643334.4
613612.8
598924.8
598579.2
614390.4
616896
795052.8
1249344
959904
769478.4
739238.4
696988.8
636854.4
588384
562291.2
540259.2
513129.6
495417.6
482976
473990.4
465782.4
458179.2
442713.6
431568
501465.6
538099.2
554601.6
542505.6
545184
481334.4
454291.2
442454.4
472348.8
410832
388886.4
379555.2
367977.6
356572.8
349660.8
344822.4
337824
330393.6
320198.4
312768
310089.6
300844.8
292896
288057.6
289267.2
292809.6
279158.4
270691.2
265075.2
262483.2
260496
260409.6
254102.4
247363.2
245721.6
242092.8
238896
240364.8
258854.4
437270.4
548467.2
364262.4
304041.6
277171.2
267494.4
264211.2
254188.8
250560
250992
243734.4
233539.2
226368
224467.2
240192
244598.4
255139.2
242006.4
230169.6
242352
256867.2
231897.6
220838.4
220233.6
209606.4
202953.6
193795.2
190771.2
199324.8
206668.8
201484.8
206150.4
199756.8
192067.2
220752
279072
348278.4
326678.4
248400
228787.2
218073.6
228700.8
410745.6
493171.2
395971.2
465696
377827.2
443491.2
360288
304214.4
268531.2
246844.8
225417.6
214012.8
210384
203212.8
196473.6
185760
187056
218592
279676.8
244857.6
250992
312681.6
290304
325468.8
268099.2
230428.8
213321.6
291600
799718.4
960768
912384
1468800
1547424
824860.8
605318.4
491788.8
421027.2
383011.2
355795.2
326160
306720
290131.2
277430.4
269568
289094.4
327974.4
305337.6
314582.4
391737.6
1536192
2204928
1221696
940896
3023136
3530304
1994976
1386720
1046304
908928
896832
737942.4
650246.4
588038.4
538358.4
486518.4
445046.4
423705.6
401587.2
384480
503971.2
513302.4
432950.4
399945.6
370569.6
353635.2
339638.4
335145.6
340070.4
337478.4
381542.4
494121.6
371347.2
339379.2
329356.8
323827.2
346032
430012.8
341020.8
296956.8
343526.4
898560
658886.4
480729.6
413683.2
384220.8
402969.6
361670.4
329443.2
311731.2
298425.6
289526.4
279849.6
270086.4
262828.8
263347.2
287020.8
289612.8
274752
265680
260928
263520
264211.2
338083.2
426124.8
440985.6
368841.6
427334.4
384393.6
334454.4
315273.6
321753.6
480643.2
454896
374544
354153.6
339724.8
320889.6
307324.8
326246.4
402883.2
359251.2
325900.8
309916.8
299289.6
295056
298771.2
310435.2
311472
353376
328320
300672
286329.6
282355.2
285897.6
293068.8
293414.4
322963.2
382233.6
326160
309398.4
296697.6
288057.6
278640
269654.4
264556.8
262137.6
263088
265248
271209.6
438307.2
589334.4
617414.4
644630.4
492134.4
581644.8
850089.6
816220.8
622166.4
547430.4
491702.4
449280
491356.8
737251.2
1257984
791337.6
932256
1021248
1152576
1107648
859939.2
799113.6
897696
748137.6
734918.4
1596672
1799712
2058048
1396224
1168128
997920
900288
806457.6
815270.4
898560
859766.4
1245024
1100736
986688
982368
1059264
1149984
965952
838166.4
747878.4
687225.6
635731.2
595468.8
576374.4
540864
510019.2
485913.6
460166.4
440726.4
447552
449366.4
455241.6
515462.4
521769.6
454377.6
431395.2
486000
503280
452649.6
415584
413769.6
506995.2
493516.8
444355.2
414028.8
383097.6
381628.8
399081.6
394934.4
380851.2
355968
429148.8
610243.2
524534.4
491529.6
490579.2
462412.8
432777.6
410313.6
396489.6
394416
374803.2
356313.6
350784
348451.2
371692.8
351216
333590.4
322704
319075.2
314323.2
304905.6
297648
291513.6
291772.8
318988.8
348278.4
324172.8
368755.2
465264
362102.4
330566.4
312422.4
296611.2
286502.4
281404.8
277603.2
274752
270345.6
263260.8
256521.6
252028.8
244339.2
239673.6
238550.4
236995.2
233107.2
229392
226713.6
222480
219542.4
217728
213667.2
214704
217468.8
374976
460512
441417.6
672364.8
973728
762566.4
640051.2
1165536
1908576
1295136
1031616
777600
656553.6
568771.2
562809.6
573264
1019520
1122336
1232928
2052864
1693440
1334880
1404864
5351616
6585408
3341088
2111616
2386368
1745280
1359936
1132704
994464
876960
770688
700444.8
682387.2
628992
2435616
5071680
3527712
1995840
1449792
1270080
1077408
962496
1657152
2271456
1397088
1086048
940896
811641.6
719712
647654.4
583718.4
538012.8
503625.6
476409.6
508377.6
747792
879552
682300.8
553392
495504
466905.6
750556.8
1172448
3570912
6325344
4529952
2448576
1665792
1260576
1009152
1225152
2010528
3250368
2107296
1391904
1092960
1264032
3376512
3406752
2121984
2016576
1461888
1463616
2924640
4297536
2265408
1585440
1454976
1412640
1141344
978048
1560384
5692896
5421600
4485888
4355424
5629824
5210784
3362688
2331936
1797120
1431648
1207872
1447200
2126304
1337472
1054944
927936
839289.6
781747.2
737769.6
677894.4
644198.4
591148.8
557971.2
541555.2
543456
538531.2
524275.2
480556.8
457833.6
1248480
1756512
1260576
801705.6
638582.4
554860.8
512956.8
487123.2
462585.6
440553.6
533520
1185408
939168
1181952
855619.2
917568
708134.4
620524.8
567648
515635.2
631584
1107648
785289.6
1446336
890784
708825.6
629510.4
572572.8
524361.6
481420.8
446515.2
417571.2
404265.6
391132.8
378000
366940.8
382060.8
430876.8
387763.2
378345.6
373593.6
351820.8
335750.4
332035.2
324691.2
313891.2
451785.6
1081728
706320
519436.8
1686528
8881920
11810880
6218208
3378240
2186784
1645920
1365984
1283904
1730592
1297728
1056672
921024
797299.2
727488
674438.4
630201.6
640656
2559168
1881792
1130976
1012608
2988576
4542912
4055616
2403648
1730592
1374624
1165536
1187136
1680480
1581984
1349568
1225152
1247616
1191456
1028160
970272
935712
856742.4
835833.6
810604.8
749865.6
836956.8
999648
813628.8
736473.6
730598.4
680400
633916.8
615427.2
588470.4
587174.4
583372.8
570153.6
547516.8
583804.8
618969.6
563760
620352
1126656
859507.2
3215808
5316192
9858240
8743680
4464288
2722464
2299104
1807488
1554336
1565568
1482624
1422144
2417472
2865024
2556576
2109888
2122848
1585440
1317600
2557440
5590944
3344544
2134080
1719360
1518912
3306528
6433344
6737472
6977664
4422816
3373920
2725056
4157568
3628800
3551040
2290464
1891296
1630368
1542240
1502496
1274400
1156032
1075680
1748736
1847232
1356480
1223424
1307232
1161216
1048032
1162944
1207008
1035936
928800
886464
873504
842832
977184
1241568
1190592
1115424
1091232
1820448
5450976
5838048
7274880
7200576
4971456
3866400
2739744
2198016
2460672
2635200
1918944
1553472
1362528
1275264
1379808
1145664
1062720
1299456
1463616
1244160
1143936
1036800
930528
886464
850953.6
793670.4
759715.2
751507.2
758419.2
729216
688867.2
660009.6
649814.4
634348.8
623376
613785.6
592531.2
572918.4
603244.8
700531.2
1061856
922752
722736
671932.8
691459.2
655603.2
680400
826502.4
1232064
2351808
3634848
3240000
1920672
1498176
1254528
1085184
982368
918432
881280
850348.8
824688
813024
784771.2
751766.4
768614.4
817603.2
938304
1097280
1040256
1062720
978048
904608
830304
823478.4
853891.2
982368
2865888
2247264
1359936
1053216
1528416
1299456
904608
757036.8
702950.4
671241.6
644371.2
610502.4
585964.8
562464
537494.4
512524.8
477964.8
458524.8
451267.2
446083.2
449107.2
429235.2
419385.6
401241.6
394934.4
406166.4
440035.2
424310.4
400377.6
391564.8
375580.8
641779.2
1067040
618796.8
988416
1417824
876096
1176768
841708.8
686188.8
722131.2
715737.6
564019.2
511315.2
513561.6
503452.8
574214.4
657936
508982.4
446860.8
410054.4
388972.8
372902.4
360979.2
349142.4
333763.2
324864
319161.6
315014.4
316569.6
306806.4
297993.6
305942.4
295747.2
284169.6
275443.2
266457.6
255830.4
257904
263606.4
290217.6
333936
302572.8
272678.4
264816
284774.4
297475.2
270518.4
251856
246326.4
255830.4
248486.4
232156.8
221270.4
211593.6
207964.8
201916.8
196819.2
198028.8
197596.8
192240
188524.8
183081.6
176515.2
176515.2
174268.8
172022.4
170467.2
174700.8
179539.2
185068.8
194313.6
315446.4
359769.6
275443.2
444528
515894.4
364953.6
298857.6
282960
264988.8
237168
228268.8
275011.2
459043.2
358214.4
286675.2
254880
236044.8
224035.2
226627.2
233193.6
220233.6
224208
229737.6
222739.2
243561.6
257644.8
226540.8
214272
207532.8
211248
291340.8
416448
349488
279590.4
251769.6
242265.6
229564.8
215395.2
205459.2
202867.2
196473.6
190857.6
189216
413683.2
2927232
1255392
713318.4
535852.8
447033.6
405907.2
381628.8
361756.8
335923.2
321408
301190.4
281664
286416
332553.6
329529.6
287971.2
265248
257817.6
261532.8
275356.8
265593.6
256003.2
243129.6
234144
228873.6
226195.2
236563.2
385516.8
912384
493862.4
371433.6
321753.6
292118.4
277344
271382.4
268185.6
269481.6
278294.4
350092.8
641692.8
3032640
2007072
1639872
1297728
1022112
1544832
1323648
981504
1679616
2434752
1482624
1378080
1063584
879552
778204.8
730684.8
716601.6
1016928
840672
687225.6
626572.8
579484.8
535075.2
507600
478742.4
464054.4
450921.6
427680
412473.6
394502.4
381715.2
370396.8
390960
403142.4
472176
4211136
5772384
3004992
1745280
1307232
1067904
1045440
916704
809568
718243.2
648691.2
609897.6
586224
573696
600998.4
655171.2
571795.2
555465.6
534297.6
505612.8
474422.4
456451.2
442108.8
429580.8
451958.4
594864
679968
574905.6
933984
928800
2248992
4200768
3505248
4712256
3525120
2206656
3414528
4012416
2291328
2443392
3240864
2594592
3157056
2426112
2005344
1678752
2496096
2415744
2415744
1879200
1535328
1415232
1232064
1179360
1131840
1180224
1250208
1122336
1132704
2071008
2176416
1492128
2293920
1937952
1562112
2316384
3034368
2767392
2498688
5055264
4060800
2820096
3131136
3048192
2210976
1847232
2555712
2922912
2053728
2518560
2521152
1854144
1625184
1654560
2134080
2107296
3468096
2844288
1977696
1770336
1707264
1629504
1407456
1237248
1328832
1562112
1430784
1188864
1269216
1230336
1037664
1056672
1195776
999648
884736
837993.6
961632
946944
801619.2
779500.8
722044.8
678585.6
647913.6
627696
600652.8
578448
552614.4
537494.4
522979.2
524361.6
609379.2
578448
527990.4
482716.8
468115.2
465264
504489.6
544924.8
662256
686016
576374.4
832377.6
965952
764380.8
771897.6
727056
655603.2
677721.6
785548.8
680227.2
599875.2
557625.6
529027.2
499478.4
472608
450662.4
436492.8
424137.6
405129.6
391219.2
386467.2
374198.4
373507.2
381974.4
389491.2
446169.6
842313.6
688608
701913.6
595641.6
521164.8
1893024
1552608
951264
807408
724809.6
646617.6
601862.4
759715.2
641520
651369.6
1067904
750902.4
638323.2
807840
643334.4
552700.8
498441.6
475545.6
606614.4
489369.6
449539.2
861321.6
1230336
814060.8
1686528
1219104
853459.2
737337.6
787190.4
679708.8
588384
529286.4
488073.6
467164.8
1344384
2220480
1271808
965952
1410048
935712
847670.4
746150.4
623721.6
572054.4
589161.6
549417.6
504489.6
463536
435196.8
405388.8
386035.2
371088
360460.8
347932.8
355536
349315.2
328665.6
317260.8
344822.4
372297.6
342403.2
309139.2
292118.4
281664
275443.2
299030.4
310608
314928
596678.4
612057.6
388972.8
327283.2
303523.2
320457.6
314323.2
283046.4
269136
261273.6
251164.8
257558.4
268185.6
250041.6
241056
231811.2
227577.6
221011.2
228182.4
277689.6
307929.6
258249.6
237254.4
226713.6
223689.6
240883.2
254275.2
233193.6
217814.4
243648
311212.8
415065.6
860112
620438.4
1023840
691372.8
500515.2
425260.8
385776
349315.2
324604.8
305596.8
292636.8
279936
305164.8
293414.4
284083.2
271814.4
260150.4
252288
241142.4
246067.2
252115.2
257126.4
246067.2
236563.2
230342.4
224812.8
220233.6
218851.2
218592
215395.2
210124.8
207705.6
204076.8
203558.4
201484.8
199324.8
199324.8
225936
263347.2
241142.4
229737.6
226108.8
221875.2
215827.2
212198.4
207705.6
210902.4
207014.4
198201.6
193449.6
193536
192412.8
190944
186624
184896
212112
1101600
974592
846201.6
923616
608774.4
658281.6
906336
667785.6
535075.2
460684.8
426902.4
393552
398563.2
511315.2
654307.2
672796.8
483408
427420.8
437961.6
384652.8
357868.8
344304
327456
317088
520732.8
1025568
642988.8
526867.2
471139.2
443404.8
424137.6
1039392
3286656
1902528
1518048
1330560
1030752
869184
788313.6
996192
1024704
1793664
2543616
1499040
3269376
3297024
2081376
2954880
2110752
2192832
1867968
1378080
1146528
1158624
1371168
1231200
1215648
1073952
962496
1034208
972864
861667.2
800409.6
740966.4
719366.4
687830.4
689212.8
1241568
1749600
1414368
1144800
1476576
1806624
1170720
1500768
1477440
1194912
993600
923616
1258848
1405728
1290816
1054944
944352
951264
1253664
1054080
1034208
1156896
1074816
1078272
992736
882144
803865.6
795830.4
800409.6
848880
965088
1269216
1202688
1137888
1185408
1010880
2494368
2279232
1520640
1259712
1286496
1220832
1042848
945216
1129248
1776384
1334016
1721088
1221696
1243296
1182816
981504
1002240
1181088
984096
845596.8
791337.6
765417.6
882144
880416
793756.8
827366.4
862358.4
751680
697939.2
674784
722217.6
776390.4
791251.2
790905.6
681868.8
694742.4
641347.2
581299.2
553910.4
623116.8
627091.2
556934.4
701654.4
783734.4
604713.6
728265.6
646963.2
546998.4
506908.8
478137.6
464140.8
459820.8
456451.2
430272
422668.8
410832
447120
927072
989280
679795.2
609638.4
665193.6
611280
563673.6
526089.6
489369.6
470620.8
453772.8
435888
424828.8
446169.6
466905.6
452736
494899.2
539654.4
525139.2
471139.2
414633.6
419126.4
464140.8
427420.8
393984
371952
357868.8
351648
343094.4
334886.4
341625.6
371260.8
346291.2
330825.6
318470.4
307843.2
299721.6
295401.6
291340.8
283219.2
276393.6
273715.2
273283.2
327456
347155.2
299635.2
282441.6
284515.2
290908.8
287798.4
274060.8
577238.4
873504
990144
1116288
706579.2
557539.2
1730592
1442016
885600
756691.2
644976
552700.8
500688
457315.2
423878.4
416880
423532.8
409017.6
366854.4
345772.8
324604.8
315014.4
302572.8
289267.2
288403.2
313545.6
298080
288662.4
301536
317174.4
595123.2
425088
317692.8
285811.2
267926.4
254793.6
246499.2
239760
234144
223344
217209.6
215913.6
233366.4
235958.4
225590.4
215740.8
207187.2
202694.4
208569.6
224812.8
243993.6
278467.2
256694.4
239587.2
237340.8
230601.6
218851.2
209347.2
198806.4
186537.6
182390.4
183600
266457.6
426384
717033.6
484185.6
377308.8
346636.8
298425.6
272419.2
251769.6
245808
275529.6
263952
237945.6
357696
455414.4
329529.6
292377.6
278121.6
262483.2
245203.2
227059.2
233625.6
240364.8
530236.8
1174176
1322784
772243.2
542160
452563.2
396835.2
356140.8
315878.4
290217.6
274492.8
258854.4
246672
235440
229046.4
223344
214185.6
210643.2
364089.6
622598.4
396489.6
304300.8
298252.8
367286.4
311040
269481.6
253065.6
268272
275529.6
254534.4
233712
224812.8
216777.6
210988.8
207446.4
205632
208137.6
210556.8
208483.2
209260.8
216172.8
213408
201225.6
195955.2
196473.6
192672
186537.6
225331.2
399686.4
322444.8
834364.8
628646.4
391478.4
321580.8
285379.2
262483.2
268099.2
278467.2
274320
266284.8
252633.6
234748.8
223171.2
215913.6
210556.8
204249.6
201571.2
198201.6
195782.4
197942.4
204595.2
270259.2
634089.6
780624
485913.6
370396.8
322444.8
307411.2
411868.8
411091.2
343958.4
312854.4
296092.8
283392
272246.4
265766.4
278985.6
277776
256867.2
248227.2
245203.2
236476.8
230860.8
242870.4
440640
551232
518832
477273.6
380419.2
334800
331171.2
350956.8
342835.2
521510.4
1083456
1584576
965952
906336
1018656
1415232
1552608
3760992
3372192
2171232
2662848
2240352
1559520
1635552
1436832
1359936
1521504
1145664
935712
949536
1137888
1828224
1911168
1760832
1927584
2595456
5817312
4897152
3950208
3078432
2296512
1823040
1672704
1479168
1423872
1571616
1677024
1533600
1643328
1371168
1166400
1175904
1404864
1482624
1668384
2276640
1715040
1829088
7202304
10298880
5872608
3268512
2404512
2059776
1845504
3896640
7208352
10091520
14584320
18005760
13279680
9244800
6246720
6594048
5376672
4055616
4149792
4218048
3108672
2387232
2014848
1857600
1934496
1825632
1677888
2772576
3125952
2129760
1823904
2097792
6613056
7020000
4072032
2940192
2294784
2366496
2038176
1642464
1502496
1422144
1533600
1605312
1522368
1479168
1333152
1206144
1165536
2166048
2287872
1788480
1520640
2465856
2421792
1764288
2382048
1950912
1589760
1274400
1098144
1032480
974592
914112
839721.6
798768
917568
995328
983232
985824
1499040
1665792
1226880
1089504
1091232
1278720
1183680
1112832
1039392
896832
817948.8
808790.4
771638.4
734227.2
699840
690336
671414.4
658368
634521.6
611971.2
581212.8
579571.2
691113.6
673833.6
607219.2
534038.4
499305.6
485308.8
479347.2
486950.4
505180.8
566179.2
577756.8
592358.4
621043.2
593654.4
568598.4
640828.8
618278.4
1709856
2640384
1710720
1515456
1223424
1020384
841881.6
737856
675648
634608
603849.6
571276.8
552268.8
566611.2
623030.4
658195.2
1162944
1798848
1749600
1734912
1119744
852681.6
723686.4
656553.6
618537.6
578361.6
531100.8
502761.6
482976
462240
447811.2
430963.2
411955.2
396835.2
387417.6
378259.2
371520
365126.4
352857.6
340243.2
330048
321062.4
322012.8
458438.4
558662.4
429148.8
371692.8
344217.6
330912
341280
366854.4
334800
316656
300153.6
285552
278985.6
319593.6
291686.4
282182.4
294624
313545.6
355708.8
377308.8
346118.4
504403.2
874368
1156896
680572.8
584323.2
505699.2
402796.8
351129.6
417916.8
495331.2
409536
371692.8
334972.8
346118.4
390355.2
446515.2
445132.8
357350.4
353635.2
772934.4
591494.4
436579.2
397526.4
368323.2
465609.6
511315.2
395020.8
348451.2
334627.2
313372.8
298684.8
283910.4
274665.6
255657.6
344217.6
448156.8
336009.6
293760
282441.6
278380.8
272332.8
384825.6
348710.4
310003.2
290217.6
270345.6
257904
249177.6
254275.2
319420.8
331344
277171.2
248659.2
241488
235180.8
250819.2
377740.8
511142.4
362016
297302.4
267753.6
248140.8
234921.6
225676.8
227491.2
290217.6
868320
526780.8
386294.4
383788.8
344390.4
307670.4
284860.8
370224
461376
341971.2
285811.2
259113.6
248572.8
247449.6
269654.4
294883.2
264124.8
242092.8
242352
249955.2
259891.2
265939.2
235785.6
223084.8
229305.6
236476.8
243648
244166.4
229392
222048
216950.4
229910.4
376012.8
435456
309225.6
278467.2
290217.6
268444.8
247276.8
237254.4
227923.2
224985.6
224380.8
219369.6
213753.6
209606.4
206582.4
206150.4
209174.4
209088
218073.6
231724.8
304646.4
633830.4
936576
1098144
967680
699321.6
803952
804816
717638.4
779241.6
689558.4
1177632
1442016
1203552
865728
701136
602812.8
532051.2
487987.2
455932.8
464140.8
448675.2
418003.2
446428.8
1540512
2762208
5335200
5059584
3093120
2305152
2604960
3389472
2760480
2261952
1707264
1383264
1235520
1062720
904608
811123.2
1274400
8830080
14558400
6726240
3641760
2513376
2104704
1764288
1460160
1276992
1215648
1088640
967680
892512
825552
756518.4
830908.8
749001.6
661824
623980.8
583632
552787.2
537840
535939.2
514944
501465.6
487296
472262.4
459993.6
456883.2
451353.6
455241.6
540777.6
1327968
1222560
924480
768787.2
683596.8
631497.6
592876.8
571363.2
729648
852508.8
728870.4
745113.6
647740.8
592963.2
581558.4
565920
567648
577584
554169.6
511315.2
491788.8
474681.6
845424
1425600
990144
789782.4
691372.8
635990.4
598665.6
570240
538272
515894.4
494812.8
474940.8
459648
476409.6
567043.2
519004.8
491529.6
565660.8
576374.4
520992
619747.2
718761.6
578707.2
797040
1440288
1195776
963360
2086560
3205440
2075328
1934496
1759968
1717632
1312416
1069632
987552
882144
785548.8
763084.8
2224800
2994624
2433024
2080512
1530144
1486944
1296000
1150848
1107648
2405376
2142720
1385856
1168128
1126656
1121472
1003104
922752
892512
815702.4
744336
687916.8
660787.2
646790.4
830390.4
1143936
1044576
821577.6
1188000
5154624
4179168
2176416
1560384
1286496
1099008
1018656
964224
991008
945216
883872
771552
689472
626832
589680
562118.4
538531.2
515894.4
490579.2
472608
457920
438480
429062.4
417312
404092.8
401760
385257.6
377913.6
365817.6
364089.6
368409.6
355708.8
348451.2
350265.6
363830.4
349401.6
331689.6
321494.4
310262.4
304387.2
301190.4
295228.8
284342.4
278467.2
275529.6
276134.4
270086.4
262742.4
259459.2
251424
251078.4
252806.4
243820.8
240624
240192
234921.6
230774.4
231120
255139.2
265507.2
256176
254707.2
233798.4
217123.2
204595.2
200188.8
200102.4
202694.4
206409.6
196300.8
191462.4
195696
193276.8
187228.8
199497.6
1128384
5494176
4319136
2265408
1258848
891648
697507.2
570758.4
480988.8
433987.2
390614.4
347068.8
310521.6
300153.6
269308.8
261273.6
259632
254275.2
243043.2
228700.8
219542.4
245203.2
278812.8
2124576
4726944
2935872
1359072
866592
920160
2013120
1210464
891648
717120
590371.2
540259.2
646963.2
576201.6
478396.8
431654.4
410572.8
390960
345513.6
313113.6
306460.8
316483.2
301190.4
339984
666748.8
1316736
789350.4
603590.4
641347.2
526003.2
437184
388540.8
362361.6
346896
327801.6
340243.2
365990.4
363052.8
400636.8
410400
391392
341452.8
309398.4
293328
295920
294537.6
284342.4
398476.8
463190.4
351820.8
446428.8
505008
372988.8
317260.8
292118.4
284342.4
270691.2
258508.8
258422.4
250732.8
243129.6
237686.4
233107.2
226195.2
221270.4
217555.2
211680
215481.6
235958.4
240969.6
228960
243129.6
259027.2
271814.4
307324.8
367804.8
496800
802224
551577.6
522288
613526.4
628300.8
546134.4
442022.4
393724.8
361584
330134.4
309744
300672
297475.2
285465.6
300844.8
361065.6
352684.8
335232
336960
324864
299808
595296
609120
421632
356832
324000
307584
313632
369792
362016
335232
329184
317952
322272
341280
436320
1226880
1071360
806976
696384
562464
503712
463104
425952
400032
379296
359424
353376
352512
341280
330912
326592
317088
298080
298080
294624
290304
287712
282528
276480
268704
256608
254016
255744
249696
250560
249696
303264
456192
1451520
4138560
2246400
1218240
915840
787968
696384
1123200
1062720
1598400
1356480
1468800
1131840
907200
760320
872640
864000
664416
598752
532224
513216
508896
517536
520128
561600
515808
602208
557280
564192
527040
477792
454464
441504
1080000
3352320
1883520
1192320
959040
1010880
1805760
