392601.6
369014.4
341452.8
369792
343699.2
350611.2
418521.6
455068.8
404352
344736
324345.6
355968
359251.2
351388.8
2242944
7031232
3907008
3412800
1728864
1377216
1397952
2024352
1283040
1309824
1048032
898560
1169856
902016
773539.2
623030.4
543283.2
509068.8
571449.6
460857.6
502761.6
679536
622512
586915.2
543542.4
481420.8
426556.8
386121.6
414201.6
395366.4
368668.8
423360
395193.6
336528
308361.6
289958.4
268963.2
255312
247363.2
232329.6
256953.6
379209.6
1190592
838684.8
660182.4
533692.8
460339.2
431568
401241.6
478742.4
540777.6
459907.2
402278.4
376531.2
351043.2
330048
332726.4
319248
329702.4
342921.6
303004.8
308707.2
410659.2
368064
361324.8
302313.6
1068768
531014.4
596505.6
1450656
3809376
1203552
956448
1615680
5301504
2478816
2166048
2156544
2255904
1830816
4430592
2286144
1506816
1140480
941760
791683.2
679449.6
592444.8
528681.6
470016
424656
381888
345600
336614.4
305596.8
277516.8
255312
241056
227318.4
214012.8
220492.8
202435.2
189302.4
179020.8
172195.2
188956.8
176169.6
158112
148176
141868.8
148348.8
157680
139968
128563.2
132364.8
128390.4
119318.4
113097.6
108000
127785.6
120268.8
109382.4
106531.2
99878.4
94262.4
89251.2
84758.4
78537.6
74476.8
72576
71884.8
72057.6
81561.6
77068.8
76982.4
78192
70761.6
71971.2
66787.2
60048
54777.6
50976
61344
116208
116899.2
95385.6
75081.6
64195.2
56937.6
68428.8
63849.6
55123.2
51494.4
48470.4
44496
40780.8
40003.2
39312
38620.8
39571.2
43286.4
41558.4
39484.8
37584
37497.6
41644.8
37756.8
53049.6
201484.8
82166.4
290217.6
149817.6
95990.4
290908.8
120700.8
108172.8
707875.2
609292.8
239673.6
174700.8
831513.6
747705.6
1315008
481161.6
604195.2
1340928
1372032
1223424
653356.8
477100.8
389059.2
337392
298339.2
262656
233280
208051.2
193795.2
190857.6
336700.8
263174.4
190598.4
163814.4
148867.2
149212.8
159840
136166.4
133315.2
316742.4
194745.6
163468.8
156729.6
136512
124675.2
122601.6
130809.6
111974.4
118108.8
1122336
383961.6
239500.8
312336
290649.6
220924.8
188179.2
165974.4
149472
139449.6
128476.8
120528
115516.8
110505.6
105494.4
100742.4
96249.6
96595.2
145756.8
117849.6
110246.4
139017.6
158976
118540.8
374284.8
310089.6
297820.8
198115.2
149904
133747.2
164073.6
222825.6
175046.4
205632
1010880
609897.6
317952
247536
222480
218678.4
1791936
761184
1734912
808876.8
797558.4
709776
995328
1215648
694742.4
557712
482544
423273.6
374716.8
340588.8
312163.2
288748.8
267321.6
247104
230342.4
226454.4
213494.4
201830.4
209088
283910.4
544579.2
303782.4
246758.4
641692.8
830908.8
865728
920160
588384
458956.8
614563.2
2007072
1313280
1911168
1228608
961632
859680
2208384
1671840
1073088
4390848
3032640
1849824
1791072
1388448
1201824
1029888
1029888
925344
809395.2
774316.8
1007424
787622.4
651456
577756.8
523670.4
484704
452908.8
435283.2
404265.6
384134.4
359078.4
382233.6
346291.2
310521.6
343612.8
294883.2
397699.2
408931.2
1880928
1194048
755740.8
633052.8
585792
576720
654134.4
456537.6
396576
394329.6
313977.6
367372.8
309052.8
274838.4
282268.8
306547.2
244857.6
243216
449539.2
1137024
838512
744854.4
665452.8
480211.2
414115.2
2297376
1518912
892512
680918.4
611193.6
531532.8
3704832
2123712
2259360
2585088
2229120
11508480
5934816
2251584
1607904
1260576
1006560
850262.4
763776
688953.6
622857.6
563241.6
508204.8
466992
414892.8
374630.4
354758.4
357436.8
487814.4
1429920
2588544
10609920
3281472
3925152
6271776
2261088
4186944
2379456
1956960
1912896
2280960
2064096
1747872
1737504
1238976
1116288
1083456
997920
827539.2
745977.6
940032
733708.8
748224
647740.8
553564.8
492912
452995.2
418348.8
393033.6
369532.8
346291.2
320025.6
301104
311817.6
508377.6
1035072
750643.2
2311200
1699488
974592
2509056
1270944
985824
808012.8
696556.8
638755.2
559872
496454.4
447206.4
406166.4
374889.6
344217.6
316051.2
290908.8
284083.2
417484.8
894240
772761.6
1457568
607392
1299456
2333664
3011040
1161216
885600
742003.2
632620.8
559526.4
482457.6
467683.2
435369.6
391737.6
347241.6
312595.2
292723.2
274233.6
253065.6
235612.8
222739.2
226886.4
211334.4
195004.8
183168
177033.6
168134.4
163987.2
153619.2
146188.8
141350.4
137289.6
132105.6
130723.2
269308.8
790819.2
908064
397180.8
422668.8
435715.2
342576
425001.6
353894.4
277948.8
305337.6
298080
298944
247104
235008
1735776
1620864
4451328
1328832
874368
920160
689040
668131.2
596419.2
497491.2
421718.4
378518.4
335145.6
299548.8
282700.8
270259.2
249609.6
247795.2
294451.2
282268.8
301276.8
322099.2
322358.4
386467.2
257558.4
222739.2
202867.2
201139.2
299116.8
303609.6
239500.8
540432
443664
941760
444096
352339.2
329788.8
297302.4
258336
261705.6
259027.2
222739.2
203040
185587.2
170726.4
171158.4
217814.4
270518.4
222825.6
218332.8
191980.8
168134.4
152668.8
141264
132537.6
133660.8
3150144
2570400
862358.4
973728
961632
640828.8
530150.4
442972.8
380592
337824
306720
283046.4
274233.6
252720
230688
217728
258249.6
1064448
407548.8
789868.8
454896
1386720
1587168
855964.8
618451.2
1382400
2545344
2038176
1917216
1460160
1025568
973728
770860.8
1271808
951264
974592
976320
679708.8
577238.4
538963.2
502156.8
495504
615340.8
447379.2
382233.6
353548.8
326073.6
300585.6
331689.6
984960
618710.4
1213920
2817504
1091232
817084.8
759542.4
823219.2
2208384
3967488
1560384
1129248
885600
1836864
1609632
1039392
978048
919296
1543968
899424
728697.6
811555.2
786844.8
719452.8
573264
499737.6
451094.4
408931.2
404611.2
1084320
658713.6
499737.6
1334880
1720224
904608
801446.4
964224
1036800
746409.6
1333152
804470.4
690854.4
620352
589939.2
3295296
2486592
1236384
1035072
1698624
1200096
1030752
833068.8
891648
725414.4
657849.6
582854.4
964224
733190.4
1015200
908064
677980.8
915840
691632
587260.8
521251.2
481852.8
467596.8
442368
439257.6
733276.8
800582.4
535420.8
470361.6
434332.8
409536
586742.4
1139616
597542.4
505699.2
479952
477705.6
536284.8
1928448
1585440
4020192
2988576
2434752
5308416
4376160
2986848
2043360
2064960
1639008
1277856
1384992
2068416
7303392
1930176
1654560
1809216
1869696
1767744
1362528
1100736
1010016
841449.6
730166.4
1080000
925344
1099872
1052352
1338336
1458432
1676160
1665792
1640736
2144448
2102976
1936224
2411424
2300832
2013120
4095360
4034016
2422656
1709856
1365120
1112832
982368
859939.2
763344
711676.8
600825.6
546393.6
482371.2
437270.4
444700.8
707875.2
876960
1043712
841104
837734.4
605836.8
798422.4
1450656
1082592
782438.4
664070.4
606787.2
555897.6
507168
457401.6
408672
382147.2
381456
386640
369878.4
321753.6
298166.4
429580.8
417398.4
391824
431568
405648
364003.2
333849.6
315100.8
325728
890784
413078.4
635040
990144
3125088
1204416
860198.4
719280
642902.4
643593.6
584755.2
500774.4
452736
439084.8
436665.6
596678.4
431222.4
471916.8
821836.8
506390.4
483235.2
425520
376617.6
346118.4
322876.8
305510.4
289008
458265.6
404956.8
307929.6
277603.2
263174.4
243475.2
230342.4
222134.4
212284.8
200361.6
190944
181267.2
173318.4
166752
161827.2
158457.6
154051.2
154224
250560
260841.6
214185.6
216950.4
227404.8
190857.6
270864
853200
930528
933984
470620.8
362793.6
311990.4
292291.2
670982.4
427766.4
435974.4
513388.8
758246.4
667699.2
484617.6
439948.8
430012.8
1048032
582940.8
454636.8
458352
460339.2
394675.2
353376
321753.6
299203.2
273715.2
254448
261705.6
347500.8
324432
4054752
1803168
1002240
1238112
1032480
809740.8
642988.8
639014.4
888192
703123.2
536803.2
463017.6
410313.6
367459.2
334454.4
304905.6
277171.2
258940.8
242006.4
234748.8
224380.8
251942.4
216777.6
200534.4
189043.2
178243.2
196473.6
490492.8
308016
1373760
1080000
960768
622080
458784
386812.8
341452.8
980640
2890944
1403136
847065.6
702432
580780.8
1696896
2414016
3770496
1815264
1174176
964224
825379.2
1679616
1802304
1194912
946080
1056672
944352
1734048
1460160
2777760
2411424
1422144
2025216
3079296
3915648
1950912
1416960
1276128
1015200
841190.4
746150.4
1301184
856828.8
653961.6
546048
891648
4067712
1797120
1111968
889056
736560
681177.6
629164.8
568857.6
546998.4
1089504
753580.8
510710.4
658195.2
1159488
1452384
791424
584236.8
490924.8
431654.4
390700.8
366508.8
358387.2
332380.8
510192
521510.4
2422656
2356992
1234656
892512
753580.8
1067040
838857.6
685670.4
881280
669081.6
3409344
1371168
2708640
1589760
1094688
953856
851126.4
695606.4
610502.4
521164.8
474508.8
452995.2
410659.2
437616
1099872
742262.4
545011.2
460771.2
459561.6
379987.2
375321.6
395712
365558.4
311299.2
2489184
989280
594604.8
505180.8
2585952
3372192
1963872
1270080
1081728
896832
2020896
1157760
2483136
1656288
1236384
1164672
863049.6
732758.4
647568
571622.4
513907.2
3480192
2724192
1133568
952128
927072
1673568
5702400
1990656
1419552
1309824
1003104
871776
814924.8
756086.4
657590.4
577324.8
521683.2
528768
485481.6
452217.6
2830464
974592
786844.8
959040
755481.6
627782.4
610934.4
634953.6
674870.4
1556928
825033.6
656380.8
669513.6
2997216
2312928
1423008
1082592
931392
1047168
3934656
2798496
1416096
6731424
2160864
1832544
2948832
4434912
2287872
1522368
1219104
1014336
868320
743299.2
733276.8
660441.6
558489.6
2088288
1096416
1051488
1059264
715392
608083.2
562636.8
506649.6
1482624
1039392
785721.6
715824
599097.6
711936
4158432
2064960
3285792
2910816
4002048
2106432
2449440
2111616
3049920
2271456
3867264
4999104
2007072
1842912
1360800
1115424
1007424
902016
1090368
1165536
815356.8
707788.8
649382.4
576547.2
528595.2
544406.4
468547.2
415324.8
385516.8
355276.8
340156.8
321753.6
328752
305337.6
290649.6
279763.2
287625.6
3593376
4048704
4167072
4464288
2183328
3591648
1629504
1200960
1160352
1500768
1448928
1203552
889920
803865.6
840153.6
851644.8
727660.8
597456
1505952
1736640
1025568
915840
781833.6
634089.6
560995.2
512352
456969.6
416620.8
384307.2
368150.4
340502.4
316569.6
293155.2
278726.4
266976
252547.2
242697.6
230083.2
217296
211852.8
231811.2
269049.6
290044.8
236476.8
203126.4
203904
189820.8
179452.8
485913.6
560822.4
881280
1133568
667180.8
617414.4
486777.6
416448
371174.4
340070.4
318297.6
303004.8
291168
276220.8
268531.2
255657.6
238636.8
227491.2
223084.8
223344
231292.8
245721.6
225763.2
222220.8
212284.8
192326.4
188870.4
191203.2
186537.6
363312
4856544
1048896
953856
6154272
2721600
1200960
903744
959040
778636.8
610588.8
681955.2
590716.8
525398.4
450057.6
410054.4
362275.2
321148.8
305683.2
279244.8
490492.8
426643.2
310608
278899.2
252979.2
270345.6
459907.2
427420.8
470016
393206.4
438480
432086.4
343008
293414.4
285292.8
1414368
640828.8
718934.4
532915.2
410659.2
372297.6
351907.2
311990.4
287193.6
331776
347673.6
293068.8
275270.4
242265.6
220060.8
204508.8
195004.8
184550.4
176774.4
170640
162345.6
155347.2
152150.4
150249.6
145584
157248
150076.8
146275.2
226540.8
195264
152409.6
135388.8
120700.8
109036.8
118195.2
145670.4
174009.6
130464
109814.4
101606.4
109814.4
112406.4
98496
95990.4
104284.8
97977.6
115776
154483.2
130118.4
96940.8
84067.2
78192
72921.6
68601.6
67737.6
63417.6
59702.4
56678.4
54432
53568
51840
49766.4
47865.6
44928
44841.6
42163.2
93484.8
128908.8
164160
94089.6
91411.2
695433.6
465955.2
231206.4
197164.8
895104
397094.4
247622.4
323395.2
2379456
589507.2
381628.8
302140.8
256694.4
226195.2
207619.2
186624
169344
159235.2
236563.2
261619.2
659577.6
457574.4
265680
215136
245203.2
218678.4
186537.6
176601.6
161568
144547.2
132537.6
127526.4
119923.2
116640
109382.4
102297.6
101260.8
95731.2
89510.4
88473.6
945216
948672
352166.4
265766.4
219456
201916.8
196214.4
207705.6
215827.2
1367712
682128
433123.2
331689.6
430012.8
353635.2
283824
250646.4
227404.8
214099.2
209088
194313.6
194400
176083.2
159494.4
147830.4
137635.2
140572.8
259718.4
552873.6
274147.2
227491.2
281664
414979.2
271036.8
217209.6
191548.8
181008
177379.2
170553.6
169257.6
654998.4
580435.2
385516.8
1268352
1341792
4113504
6222528
2012256
1278720
3137184
1942272
3811104
1798848
1266624
1435968
1296864
1019520
2162592
1378944
991008
889056
860889.6
706147.2
608256
538099.2
476582.4
555724.8
472608
448329.6
431049.6
368236.8
339379.2
349574.4
539827.2
417398.4
929664
510796.8
408758.4
370310.4
339724.8
311990.4
304214.4
286070.4
267408
274579.2
245980.8
229996.8
219369.6
215136
228182.4
1122336
432691.2
382838.4
929664
715392
493862.4
434592
1232064
1964736
3034368
2814048
2388096
1335744
2401920
1506816
4665600
7213536
3414528
9668160
4820256
2426976
2332800
6624288
2454624
3327264
8760960
3126816
3726432
3528576
3664224
2444256
2882304
3348864
3090528
2158272
1578528
1517184
1216512
1071360
1087776
1226016
2618784
1570752
1229472
1356480
1393632
1009152
1247616
1255392
1219968
1048032
2071872
3157056
2661984
2185920
1560384
1240704
1979424
5018112
2593728
1756512
1625184
2212704
1473984
1764288
3122496
1867104
1343520
1388448
2913408
2881440
3558816
4007232
1958688
1733184
1909440
1540512
2299968
1964736
2303424
6486912
4414176
2859840
2490912
2666304
1781568
1621728
2371680
1558656
1181088
1009152
3849984
3454272
1531872
1324512
1160352
927072
795744
702172.8
638496
569376
511142.4
476582.4
572659.2
463536
2176416
2130624
1748736
1096416
879552
768009.6
664502.4
649036.8
751766.4
692928
552268.8
509760
1100736
660441.6
789350.4
1001376
1453248
2855520
1992384
1266624
1048896
874368
750729.6
658281.6
601776
527040
469411.2
431136
400982.4
359856
331776
312940.8
293587.2
290217.6
279417.6
273456
335750.4
380505.6
319680
351216
281664
348105.6
429148.8
303264
256608
249091.2
236995.2
274320
521856
466646.4
338342.4
1199232
716601.6
1072224
643334.4
467856
402192
356572.8
320716.8
290908.8
269654.4
277257.6
287452.8
268790.4
242438.4
252374.4
665798.4
439084.8
294278.4
438393.6
444873.6
305942.4
256435.2
232848
224812.8
225331.2
834192
682300.8
391824
872640
594518.4
682646.4
538012.8
408931.2
353030.4
325987.2
329270.4
362448
295574.4
265420.8
245894.4
227059.2
213408
201916.8
194313.6
188265.6
184723.2
178761.6
172454.4
163382.4
160876.8
154396.8
148521.6
141091.2
138067.2
138844.8
268358.4
249955.2
191721.6
179884.8
205718.4
162864
140227.2
128304
127872
141955.2
146966.4
182563.2
194572.8
230947.2
159148.8
219283.2
213062.4
160963.2
139622.4
127785.6
120873.6
113961.6
116467.2
121910.4
116294.4
104716.8
104889.6
103766.4
111888
513302.4
640137.6
423878.4
255657.6
680832
354326.4
1198368
572832
437529.6
412387.2
406771.2
419817.6
523152
456883.2
354412.8
334627.2
278640
244684.8
224899.2
232416
221097.6
208915.2
193104
184032
173404.8
165542.4
188524.8
612921.6
322531.2
231292.8
209779.2
187747.2
175651.2
168220.8
161568
156038.4
147916.8
143337.6
138931.2
137376
129772.8
126835.2
122256
121219.2
130464
129772.8
126316.8
124761.6
121564.8
117763.2
112924.8
107654.4
105926.4
103161.6
101088
101952
96940.8
96595.2
88819.2
82425.6
84931.2
82425.6
4241376
3704832
1110240
4123872
1330560
1069632
1928448
1336608
1010016
793670.4
667958.4
570758.4
502156.8
507427.2
755136
2522880
2860704
1593216
1690848
1023840
943488
833587.2
751852.8
820454.4
1785024
5952096
1851552
1484352
1246752
1905984
1778976
2397600
3144960
1886976
1740096
1829952
1500768
1287360
1042848
1177632
1532736
1328832
3006720
1489536
1207008
1560384
1130112
1097280
909792
843264
1101600
828057.6
698112
629769.6
618796.8
612057.6
569894.4
526089.6
484272
449884.8
426902.4
389318.4
372038.4
345859.2
403315.2
877824
896832
5987520
3167424
2299104
1804896
1601856
4345056
1838592
1782432
1836000
1963008
2146176
1483488
3561408
4012416
2634336
1842048
1409184
1175904
990144
830563.2
722649.6
675129.6
708652.8
5726592
2815776
1651968
1241568
1295136
2129760
5179680
3449952
5012928
4599936
5683392
5753376
2312928
5754240
4860864
2401920
1719360
1350432
1105056
941760
816652.8
715737.6
1235520
876096
1051488
951264
808963.2
1785888
959040
796953.6
714096
613526.4
549417.6
494726.4
456796.8
443404.8
443577.6
400118.4
388800
421113.6
435888
401241.6
377308.8
375062.4
368755.2
331257.6
559180.8
377827.2
672537.6
992736
566870.4
460166.4
1092096
1291680
1023840
1289952
2431296
1098144
3421440
2525472
1496448
1220832
1134432
967680
882144
2288736
2027808
1533600
1131840
1604448
3232224
2022624
1334880
1092960
965088
831168
715305.6
626745.6
558662.4
493257.6
448675.2
414288
399168
374803.2
446688
354153.6
1295136
991008
1853280
1189728
783043.2
651024
765763.2
609292.8
519955.2
461462.4
422582.4
390182.4
360374.4
336355.2
336700.8
685670.4
428112
357696
369360
313027.2
284601.6
263865.6
252460.8
239846.4
225244.8
215481.6
206582.4
206323.2
266284.8
213321.6
201830.4
237686.4
542592
345254.4
255657.6
233798.4
1831680
895968
1855872
1558656
823305.6
1056672
1431648
1594080
1774656
990144
761356.8
641088
563241.6
496540.8
560908.8
985824
650246.4
471916.8
417052.8
373680
336700.8
316569.6
290649.6
266716.8
297129.6
357004.8
279849.6
252720
392774.4
1899072
761184
450403.2
366422.4
329616
435110.4
337564.8
283478.4
258163.2
237945.6
218937.6
204076.8
197337.6
195696
184982.4
179366.4
172108.8
162432
158112
172368
189820.8
170035.2
153705.6
146016
146707.2
154051.2
154396.8
272073.6
203644.8
159494.4
137462.4
130464
142128
418953.6
201139.2
272332.8
532656
383011.2
266112
202176
205804.8
345168
452995.2
343008
226195.2
196300.8
487209.6
533606.4
1193184
463622.4
377913.6
336700.8
314755.2
284083.2
290822.4
501811.2
1339200
1944864
968544
671414.4
606182.4
579830.4
450403.2
403488
550368
402105.6
488073.6
355276.8
302572.8
286588.8
293760
260582.4
229564.8
215827.2
426988.8
336960
243043.2
211680
201225.6
193622.4
196905.6
333504
2082240
1022976
644025.6
432777.6
899424
802224
953856
848188.8
542851.2
450316.8
398649.6
362448
327369.6
297043.2
271036.8
247708.8
230774.4
222307.2
210729.6
197251.2
187056
330825.6
263433.6
252460.8
257731.2
209520
200188.8
180316.8
166838.4
163814.4
289785.6
211939.2
186105.6
202435.2
196732.8
173318.4
158976
149817.6
143251.2
138153.6
133574.4
129859.2
128131.2
125712
196300.8
324000
221788.8
180144
159580.8
148176
141350.4
135907.2
131932.8
126576
122947.2
120873.6
118627.2
116294.4
113097.6
115344
135820.8
132883.2
121737.6
569462.4
259372.8
198115.2
167875.2
759456
779500.8
446515.2
796003.2
471139.2
356745.6
311990.4
486691.2
388800
547948.8
1423008
4037472
4904928
3447360
3252960
2515968
2210976
4125600
6145632
3024000
3089664
4163616
2291328
1770336
1353888
1134432
1108512
1036800
824774.4
714096
1507680
3263328
3397248
2048544
2553984
2569536
7762176
9089280
22766400
7422624
4155840
3128544
6699456
3275424
2283552
2140992
1580256
1444608
1223424
1365120
2027808
2639520
5686848
4420224
4440960
7797600
3240864
5239296
5467392
10722240
2974752
1959552
2316384
7693920
4403808
2287008
2471904
2822688
2640384
6359040
2835648
3529440
1772064
4002912
4601664
2171232
1873152
1435968
1158624
925344
789696
697334.4
661219.2
670118.4
611712
673574.4
2971296
979776
1532736
1527552
10117440
9918720
3661632
4210272
2065824
2147904
3693600
1716768
1377216
1358208
2086560
2252448
2763936
2620512
1753920
1207008
975456
914976
870048
756518.4
660614.4
3238272
3322944
1287360
1783296
1505952
1139616
907200
767577.6
684460.8
617155.2
565920
508118.4
462672
918432
1951776
780105.6
652665.6
1217376
951264
697680
601689.6
627868.8
706147.2
555292.8
501379.2
475200
436147.2
399081.6
374976
359596.8
339033.6
319420.8
299980.8
282700.8
266976
254275.2
243475.2
262569.6
241142.4
1520640
2533248
1283904
793584
672969.6
560390.4
1543968
1279584
897696
1031616
1112832
1037664
780796.8
690681.6
694828.8
701308.8
552960
654825.6
733881.6
609292.8
843436.8
623462.4
523843.2
473817.6
423964.8
389404.8
360547.2
336096
316656
301881.6
283046.4
272592
257731.2
260841.6
335750.4
275443.2
314841.6
763948.8
411004.8
309571.2
277430.4
256003.2
241747.2
236217.6
213235.2
199670.4
188524.8
178848
172108.8
164592
159321.6
155088
153273.6
171590.4
162864
174009.6
268876.8
195091.2
168307.2
156988.8
149299.2
177552
169344
151459.2
135993.6
128217.6
121305.6
116208
110332.8
104803.2
102988.8
98668.8
135216
150595.2
123033.6
102556.8
99532.8
119836.8
147225.6
181872
168825.6
148262.4
139449.6
137203.2
124070.4
190771.2
369792
175910.4
141868.8
120355.2
132192
162950.4
144115.2
134870.4
124588.8
242092.8
229046.4
420595.2
328838.4
219196.8
374371.2
411523.2
242006.4
317260.8
397526.4
859852.8
1149984
742953.6
424656
375148.8
320544
301190.4
315964.8
246067.2
220924.8
208051.2
840067.2
350697.6
259459.2
228614.4
252720
294019.2
456796.8
658108.8
503280
516672
331689.6
273456
243043.2
255571.2
1414368
710640
411350.4
347241.6
415065.6
412387.2
312681.6
421977.6
632966.4
459648
434592
326073.6
283824
254707.2
234230.4
218592
245894.4
925344
457488
350956.8
331689.6
365040
275184
245203.2
231292.8
244857.6
212544
196560
202003.2
190598.4
238982.4
244166.4
266371.2
209952
198806.4
206841.6
1556064
4597344
1367712
750729.6
598752
527385.6
477619.2
424137.6
383443.2
331171.2
307584
281491.2
258163.2
380332.8
493862.4
334108.8
286761.6
345859.2
292204.8
323740.8
800150.4
818294.4
536112
397872
334627.2
297129.6
273196.8
251683.2
235180.8
223344
210470.4
200361.6
194054.4
193363.2
190771.2
197769.6
223948.8
232934.4
239414.4
952992
1022976
438134.4
386640
341539.2
313113.6
311731.2
282787.2
260409.6
245116.8
239414.4
238118.4
222739.2
214099.2
208051.2
209606.4
196387.2
191030.4
193190.4
189561.6
546739.2
437097.6
288230.4
341798.4
551059.2
503884.8
1002240
643766.4
725673.6
564537.6
1012608
783734.4
569721.6
497145.6
445824
1216512
2731104
904608
697507.2
601257.6
548726.4
540086.4
474076.8
424051.2
393552
359164.8
330912
309225.6
286502.4
265420.8
279072
560304
416188.8
447292.8
369446.4
312595.2
288403.2
309312
322876.8
287712
331171.2
334800
313372.8
281232
510451.2
823651.2
521769.6
5290272
1772928
2276640
1454112
1023840
837043.2
715910.4
626659.2
683596.8
706924.8
574646.4
527126.4
460080
408153.6
407289.6
379900.8
361411.2
923616
620784
530236.8
459907.2
401500.8
468201.6
1426464
658022.4
547084.8
494121.6
448070.4
414979.2
383011.2
367459.2
341193.6
361411.2
482457.6
339552
296870.4
373161.6
356140.8
309916.8
811209.6
561427.2
454118.4
572572.8
849052.8
536198.4
618019.2
1135296
625190.4
517363.2
466473.6
1398816
845596.8
819849.6
670291.2
633744
630806.4
521769.6
934848
645408
573523.2
1103328
1121472
4098816
1427328
4525632
5737824
2618784
1656288
1287360
1065312
1437696
1781568
1185408
902880
864000
947808
946944
722390.4
710726.4
705888
575942.4
526348.8
466128
478396.8
1223424
1010880
2127168
1119744
771292.8
4100544
1924992
1146528
906336
759196.8
656553.6
597888
1537056
3556224
2420928
1971648
1150848
984096
871776
691459.2
606355.2
540086.4
482112
433814.4
388368
358041.6
334022.4
305596.8
290044.8
272246.4
300153.6
269740.8
242611.2
227577.6
215049.6
203990.4
192758.4
185328
181699.2
178588.8
169776
166147.2
163814.4
156470.4
150422.4
146275.2
143251.2
137980.8
133056
130032
127440
125539.2
121132.8
118800
115430.4
113011.2
109814.4
126662.4
125625.6
627264
959904
343180.8
226800
183945.6
346204.8
359337.6
259545.6
246153.6
191894.4
166406.4
147657.6
308620.8
229651.2
179712
170294.4
148953.6
135561.6
148867.2
128217.6
118886.4
348710.4
2079648
717984
1466208
709171.2
741916.8
835142.4
621388.8
435974.4
360720
399513.6
368841.6
293414.4
248400
219628.8
200361.6
193881.6
178848
208742.4
179020.8
154828.8
158371.2
778291.2
388108.8
1880064
902016
507081.6
382579.2
329529.6
2028672
820022.4
568771.2
487036.8
399859.2
348883.2
361584
337564.8
274752
251424
238896
271382.4
266112
204681.6
184636.8
191808
187747.2
177120
220752
259632
226627.2
177465.6
681177.6
513388.8
484358.4
324086.4
348969.6
683683.2
771292.8
750902.4
2214432
672883.2
491702.4
825120
1000512
589334.4
437443.2
370828.8
359251.2
343612.8
296611.2
1903392
1399680
1301184
2263680
2178144
1056672
777081.6
636422.4
562032
568684.8
469152
596160
615340.8
442022.4
433900.8
415670.4
346809.6
310262.4
284083.2
264729.6
251683.2
323395.2
457574.4
332812.8
717292.8
631584
475632
888192
588902.4
494726.4
737769.6
503625.6
403401.6
410918.4
566265.6
423532.8
336960
364694.4
696211.2
409276.8
344736
559440
1368576
539136
613612.8
720576
587779.2
789004.8
1254528
996192
633571.2
1358208
1140480
684288
605577.6
522979.2
484790.4
499046.4
2837376
2129760
4318272
1627776
1287360
2263680
1791936
1489536
1693440
1522368
1429920
1205280
919296
900288
827625.6
666230.4
582508.8
540864
475459.2
435542.4
425433.6
413683.2
387504
349920
333590.4
307497.6
314064
646963.2
400636.8
502502.4
390528
331948.8
297475.2
281836.8
303868.8
274752
331257.6
299116.8
332640
303004.8
817603.2
990144
5425920
1925856
1113696
871776
823564.8
955584
681004.8
574473.6
501984
455068.8
433814.4
398217.6
367286.4
344131.2
1734048
1742688
700185.6
556070.4
479952
452217.6
449193.6
862272
706579.2
516326.4
420854.4
775440
531532.8
591062.4
614390.4
479952
428284.8
497836.8
1906848
4118688
1930176
1099008
853977.6
781228.8
1092096
1245888
