836611.2
811555.2
735091.2
676512
668304
614131.2
562809.6
579830.4
599097.6
581990.4
631497.6
883008
1020384
885600
910656
3685824
2621376
3694464
2318976
2391552
2016576
3264192
4492800
4232736
2617056
2158272
7583328
3051648
2579040
1469664
1162944
1016928
1236384
942624
877824
2053728
2959200
2226528
1932768
1570752
1264896
1046304
1004832
1058400
946944
1100736
920160
748828.8
676598.4
622598.4
586051.2
552268.8
535593.6
498355.2
648604.8
1283040
5897664
3486240
2347488
1635552
1251936
1055808
922752
962496
1536192
1613088
1390176
1269216
1116288
1191456
1832544
1427328
1464480
1473120
932256
881280
859593.6
685411.2
567561.6
530668.8
524707.2
491702.4
478396.8
576460.8
2380320
965952
742262.4
2029536
10653120
7134048
3886272
3300480
5482080
4431456
8524224
5306688
2317248
1716768
1359072
1134432
983232
868320
784512
713318.4
650678.4
601862.4
561772.8
542851.2
521078.4
482284.8
427248
420422.4
408412.8
407635.2
386467.2
375148.8
338342.4
354499.2
325036.8
313286.4
300412.8
287625.6
275184
271814.4
273369.6
352339.2
316915.2
280022.4
281577.6
266630.4
253411.2
243907.2
242611.2
282960
314928
260668.8
245980.8
224380.8
216432
209779.2
200707.2
193190.4
187833.6
187228.8
183945.6
184896
185500.8
181872
177465.6
217209.6
199497.6
182476.8
173232
162950.4
156902.4
153187.2
162864
169862.4
184291.2
240969.6
228614.4
180576
159494.4
158198.4
154483.2
145152
138672
133401.6
125280
119318.4
118108.8
117158.4
113356.8
145929.6
191808
113443.2
113961.6
103334.4
101174.4
102902.4
129427.2
189820.8
119404.8
104716.8
102384
105408
99014.4
126662.4
169603.2
92016
116726.4
115603.2
100915.2
93398.4
222912
331171.2
200880
169862.4
139622.4
137808
150422.4
264816
244425.6
177724.8
145065.6
133401.6
126576
121478.4
151545.6
200361.6
120355.2
115689.6
112406.4
109728
104371.2
129254.4
178243.2
108691.2
108777.6
106358.4
102384
113875.2
145584
207446.4
136771.2
130636.8
111628.8
108691.2
113961.6
139795.2
185932.8
140400
142214.4
118540.8
118627.2
121564.8
140140.8
185673.6
109036.8
104371.2
104716.8
102470.4
98409.6
124848
178588.8
101001.6
96249.6
94521.6
93312
511920
713664
324086.4
202780.8
186537.6
163728
152668.8
160012.8
148521.6
130377.6
120268.8
114480
126144
132537.6
128304
122515.2
1120608
1385856
447033.6
300758.4
250300.8
246758.4
1213056
759456
1059264
754444.8
500947.2
408931.2
380678.4
497923.2
389750.4
306028.8
282009.6
259286.4
237427.2
220752
209606.4
202953.6
197510.4
192499.2
186710.4
181526.4
185414.4
182131.2
173232
547603.2
2906496
978048
620438.4
633571.2
550540.8
437529.6
463536
393984
336700.8
318556.8
440812.8
394848
560736
607219.2
826934.4
735436.8
1105056
1892160
976320
976320
983232
643593.6
1283904
1027296
718675.2
640483.2
689731.2
750556.8
782179.2
1647648
2700000
1817856
1169856
984096
856483.2
811987.2
777859.2
769737.6
731030.4
744940.8
725846.4
726105.6
692755.2
645753.6
644284.8
527644.8
587174.4
653702.4
6417792
7547040
2882304
1935360
2129760
2396736
3489696
1654560
1193184
1022976
857001.6
876960
813283.2
677289.6
678153.6
688435.2
563846.4
553046.4
573696
1022976
1856736
3683232
3599424
1653696
1246752
1734912
2045088
1224288
1038528
1226880
895104
1957824
4473792
2231712
5692896
3652992
3470688
2350944
1457568
1162944
1002240
869184
768960
725155.2
679708.8
653788.8
608774.4
592790.4
592185.6
543024
497664
475718.4
461116.8
447811.2
436752
934848
2386368
1782432
1543968
4281984
1904256
1845504
1844640
1241568
1826496
1343520
1282176
1171584
3519936
1680480
1326240
1429920
1342656
1118016
990144
1438560
1029024
877824
824428.8
734400
651542.4
599961.6
569116.8
548467.2
529286.4
496022.4
468201.6
445478.4
450144
486950.4
491875.2
420595.2
652838.4
995328
1030752
2130624
1390176
897696
720489.6
605836.8
567216
531792
468201.6
446428.8
427420.8
411782.4
396403.2
377136
358128
345945.6
352252.8
487728
375753.6
378259.2
335491.2
332640
351993.6
349747.2
311904
274665.6
252979.2
243129.6
250646.4
251164.8
226713.6
222048
216259.2
216259.2
208396.8
200016
198115.2
195955.2
192758.4
188006.4
189043.2
187920
177379.2
169603.2
165715.2
163468.8
162000
158544
153878.4
154828.8
155001.6
152409.6
153100.8
159667.2
231552
780105.6
339897.6
231897.6
203385.6
193968
200188.8
188006.4
175219.2
180230.4
166492.8
157939.2
153100.8
146275.2
150854.4
174787.2
175910.4
180316.8
156384
158025.6
157248
148262.4
138499.2
136252.8
129945.6
126230.4
122169.6
117849.6
114566.4
119577.6
119145.6
132451.2
130377.6
118800
112665.6
175132.8
277776
263088
176515.2
145843.2
147052.8
132278.4
138931.2
172972.8
172886.4
174960
320284.8
268358.4
259977.6
189129.6
190771.2
165110.4
148953.6
130982.4
122601.6
119232
113788.8
110246.4
104976
117244.8
230947.2
170380.8
150940.8
510537.6
522720
537580.8
374284.8
232416
182563.2
160185.6
316310.4
1368576
669600
546998.4
1441152
587865.6
395452.8
314409.6
267408
231465.6
214876.8
197683.2
184291.2
176688
165888
159494.4
179452.8
603417.6
488764.8
356918.4
406339.2
1445472
3904416
1794528
865728
2394144
8388576
2598048
1594944
1071360
800064
941760
1020384
716169.6
810604.8
575596.8
514080
439516.8
400982.4
379209.6
357955.2
339379.2
675561.6
763862.4
1014336
531360
422668.8
380937.6
358300.8
367200
351648
339120
410659.2
353203.2
289353.6
279158.4
289008
286502.4
418867.2
398131.2
276566.4
239155.2
701395.2
1235520
1360800
1074816
1245024
730512
593049.6
464745.6
419990.4
386208
379123.2
339724.8
315014.4
293932.8
278380.8
282182.4
1450656
814924.8
497491.2
410313.6
408931.2
350956.8
358214.4
587174.4
472435.2
413856
431827.2
430444.8
369187.2
341107.2
320284.8
1581120
1202688
582249.6
482198.4
521078.4
455328
399600
369360
462067.2
433641.6
355968
327196.8
315273.6
316310.4
313632
314064
292809.6
324345.6
359337.6
311731.2
277516.8
261705.6
267235.2
269568
259632
265507.2
590284.8
390614.4
327196.8
303350.4
283478.4
274406.4
272764.8
246844.8
240624
236822.4
246672
261532.8
298080
628473.6
501724.8
768096
458265.6
829180.8
928800
2303424
912384
713145.6
571536
499651.2
449798.4
509846.4
1255392
830908.8
591235.2
1104192
858297.6
858816
644976
536112
541036.8
496713.6
442713.6
517536
742780.8
1002240
834969.6
712368
586742.4
576374.4
510192
462153.6
607219.2
493084.8
620179.2
1166400
726796.8
577324.8
668304
559872
691977.6
516499.2
499392
434851.2
409622.4
379468.8
384739.2
404870.4
333331.2
316915.2
304214.4
261792
310003.2
334022.4
331344
332035.2
472089.6
355622.4
304128
297993.6
391824
490492.8
431481.6
357955.2
332208
354153.6
330220.8
301363.2
279849.6
261100.8
273801.6
282614.4
282700.8
262137.6
253324.8
434937.6
534729.6
467078.4
498873.6
455500.8
394588.8
349142.4
340329.6
312076.8
332208
279763.2
277948.8
276566.4
272332.8
272073.6
268790.4
239155.2
229046.4
228960
236304
214790.4
209692.8
212716.8
214444.8
281145.6
278899.2
254448
264556.8
231724.8
220924.8
210297.6
202348.8
194313.6
188697.6
186451.2
184636.8
186451.2
194227.2
184636.8
175651.2
172886.4
167961.6
163555.2
163123.2
161395.2
157939.2
154742.4
151804.8
149558.4
146448
145065.6
143510.4
142819.2
148867.2
302486.4
302832
416880
532915.2
534384
362361.6
289008
2150496
1627776
765936
524534.4
436406.4
364953.6
326678.4
379555.2
336009.6
385689.6
739152
1318464
1352160
738892.8
946080
1302048
3388608
1643328
1005696
795744
899424
695606.4
568771.2
515203.2
470534.4
414892.8
426729.6
415152
393292.8
362707.2
3236544
3323808
1505088
997920
781747.2
767059.2
598320
797040
2326752
1385856
853459.2
682905.6
573609.6
507859.2
450921.6
408672
368755.2
341280
318384
309571.2
322012.8
681350.4
684028.8
409017.6
340761.6
307497.6
296006.4
873504
939168
3324672
3127680
1853280
1111104
827884.8
661219.2
563328
1219104
8008416
4222368
1779840
1259712
987552
2203200
6611328
2251584
1404000
1103328
983232
1050624
3266784
1840320
1139616
949536
895104
822700.8
1011744
847065.6
1496448
10126080
3158784
3565728
2311200
3147552
1759104
1326240
1097280
922752
791683.2
790387.2
3262464
1810944
989280
788054.4
699580.8
633484.8
641174.4
574041.6
531446.4
504316.8
567043.2
545097.6
451958.4
429580.8
453340.8
408067.2
363657.6
343008
1112832
930528
668476.8
432864
370396.8
337910.4
320630.4
310521.6
317001.6
361497.6
1070496
1243296
2198016
1027296
683856
624931.2
504489.6
448675.2
433296
410140.8
797126.4
600480
530409.6
694137.6
833241.6
863481.6
538272
455500.8
392601.6
359078.4
339811.2
305164.8
297561.6
291945.6
276739.2
265507.2
331344
420422.4
316310.4
286761.6
299894.4
261100.8
247104
254620.8
253756.8
231984
725155.2
1008288
461808
359596.8
3684096
14765760
4338144
2045088
1353024
1022976
906336
768096
800582.4
876096
670982.4
615513.6
545875.2
494899.2
467769.6
439344
418608
1804896
6898176
1569024
1351296
1118880
2316384
3935520
2390688
1687392
1231200
991008
853200
803174.4
796262.4
733622.4
693360
632102.4
787017.6
666748.8
588902.4
917568
873504
867456
677116.8
564969.6
518832
636508.8
591494.4
508982.4
478396.8
460598.4
424569.6
408067.2
431049.6
630288
586483.2
473040
426816
417139.2
733017.6
610934.4
516931.2
1617408
1207008
825811.2
3606336
9754560
4790016
2045088
1431648
1157760
1068768
874368
853804.8
860112
742694.4
821145.6
1349568
1543968
1271808
908064
790473.6
677548.8
602294.4
2745792
2306880
1156032
967680
964224
1054080
7300800
6363360
6396192
3597696
2641248
1981152
3119904
4398624
3090528
1989792
1442880
1296000
1066176
1212192
1010016
859852.8
792201.6
731894.4
1203552
1201824
866592
791769.6
784598.4
696988.8
643766.4
728611.2
705888
588643.2
558403.2
548553.6
541468.8
524448
571795.2
659577.6
611884.8
579225.6
595987.2
753408
3474144
4584384
8091360
4027968
3706560
2336256
1590624
1472256
1351296
1336608
1575072
1030752
892512
819072
781833.6
746496
646185.6
708998.4
1637280
1270080
874368
768096
657763.2
592963.2
568166.4
535939.2
503107.2
479952
475977.6
461635.2
449625.6
414547.2
398390.4
392342.4
374284.8
366422.4
358128
344044.8
335577.6
371174.4
529718.4
975456
614908.8
461721.6
428976
426038.4
407116.8
450748.8
762134.4
1435104
2263680
1836000
1366848
1082592
902016
763344
659318.4
591148.8
566352
555811.2
536025.6
547948.8
592790.4
584323.2
584236.8
730080
959904
1200960
1193184
1104192
943488
826329.6
773020.8
726710.4
737683.2
713750.4
965088
1653696
752889.6
652579.2
582422.4
665193.6
597715.2
470016
434592
426729.6
386035.2
366508.8
350611.2
343180.8
316396.8
336355.2
322444.8
269913.6
265680
260323.2
267667.2
303091.2
261014.4
248832
235958.4
237168
242352
261446.4
263001.6
258076.8
248832
229910.4
228441.6
213235.2
205286.4
389059.2
505872
866592
761616
367632
294192
275961.6
244166.4
227491.2
221788.8
211593.6
206150.4
233712
212371.2
197683.2
188697.6
176428.8
172627.2
169344
165110.4
159667.2
157420.8
153014.4
154828.8
155001.6
154828.8
148262.4
147744
152582.4
146102.4
138153.6
134352
129686.4
125107.2
133833.6
142300.8
188179.2
195955.2
157507.2
140313.6
138758.4
155865.6
139708.8
132537.6
122947.2
127008
131932.8
122256
116380.8
109900.8
107827.2
105667.2
98841.6
114825.6
161222.4
102211.2
96422.4
96249.6
89510.4
86745.6
100224
148780.8
88041.6
86745.6
89424
91929.6
95644.8
117936
329702.4
226627.2
142992
468028.8
340675.2
465177.6
298771.2
233193.6
194400
160272
146188.8
457833.6
319507.2
210470.4
178156.8
159148.8
146707.2
139881.6
141868.8
144547.2
155606.4
201312
141436.8
141264
138499.2
127785.6
122947.2
143510.4
185328
147312
172713.6
150854.4
134956.8
126144
139622.4
187056
121392
111715.2
109382.4
111369.6
107740.8
120873.6
170208
168912
997920
301536
210470.4
174960
161308.8
155347.2
152409.6
148435.2
150508.8
148089.6
135475.2
150508.8
215395.2
156816
146016
132624
125798.4
124675.2
149990.4
186278.4
128217.6
122860.8
118108.8
115257.6
113356.8
135648
202694.4
226886.4
206236.8
163382.4
147484.8
141782.4
131760
124070.4
119923.2
118281.6
119232
120096
119059.2
307324.8
1377216
1010880
1066176
739670.4
594604.8
1806624
1039392
633225.6
1673568
1091232
888192
683683.2
531532.8
457401.6
431481.6
400982.4
533865.6
822009.6
486950.4
402019.2
362966.4
331430.4
308188.8
289440
268272
276912
273715.2
258422.4
242870.4
226454.4
219801.6
214704
218332.8
208224
394416
1919808
851904
572400
480643.2
420595.2
393120
388540.8
341884.8
340675.2
315705.6
292032
279244.8
275529.6
296697.6
761184
512179.2
410918.4
395625.6
377049.6
349142.4
328060.8
315360
308620.8
298166.4
313545.6
618796.8
453168
401241.6
575596.8
408499.2
1722816
2112480
2940192
3184704
1435104
1045440
2605824
1745280
1099008
2574720
1785024
1751328
1593216
1384128
1071360
991872
1813536
1456704
1059264
902880
778636.8
700012.8
624585.6
610243.2
690508.8
753148.8
734745.6
663811.2
704419.2
1774656
1081728
1124064
1615680
1048032
1033344
1897344
1812672
1635552
2167776
3766176
1867968
1436832
1720224
1619136
1115424
1021248
1819584
1231200
951264
1269216
1058400
798854.4
748310.4
762912
915840
1381536
2494368
1267488
995328
972000
862012.8
1174176
947808
759628.8
709776
1235520
940896
743385.6
730512
637545.6
588038.4
789696
941760
644457.6
559440
550454.4
832118.4
624067.2
545356.8
652579.2
547948.8
497923.2
471916.8
482025.6
454464
425001.6
371952
360460.8
368668.8
361238.4
347846.4
354499.2
328752
294537.6
297043.2
293068.8
339379.2
344649.6
332726.4
330652.8
309744
769132.8
622252.8
628473.6
692928
557193.6
519436.8
678153.6
632361.6
477878.4
419385.6
381196.8
381110.4
358992
309744
284515.2
278726.4
291340.8
258076.8
247104
240796.8
236476.8
239155.2
240624
245980.8
283564.8
489283.2
342489.6
312595.2
280972.8
550454.4
2140992
885600
590544
508636.8
455932.8
420508.8
395452.8
496281.6
525225.6
847929.6
712368
508636.8
487641.6
510451.2
414979.2
368323.2
339379.2
324432
297820.8
290563.2
282441.6
463190.4
376012.8
340675.2
610848
559958.4
406684.8
437356.8
606096
390960
329616
300758.4
284342.4
277862.4
2545344
2271456
972000
1393632
1378944
795312
1109376
754790.4
557452.8
588038.4
511315.2
453081.6
405820.8
364435.2
337132.8
308707.2
292032
279504
263001.6
257990.4
259372.8
245030.4
226800
228182.4
227491.2
217555.2
205372.8
196992
193363.2
193017.6
192931.2
193968
184291.2
180316.8
223344
191462.4
168393.6
160272
159148.8
159840
150249.6
149385.6
175305.6
210038.4
146620.8
153705.6
147830.4
138758.4
130550.4
153014.4
186192
123379.2
137462.4
148348.8
132883.2
123811.2
140659.2
181612.8
133056
138585.6
135216
120787.2
115603.2
151804.8
138931.2
234403.2
331776
935712
1490400
475459.2
346550.4
293587.2
243561.6
222393.6
212630.4
193104
177379.2
170208
187833.6
191203.2
171676.8
162518.4
156816
151804.8
146534.4
158284.8
161740.8
168998.4
151804.8
142128
136166.4
134179.2
133056
133228.8
133315.2
130118.4
126144
123984
122428.8
121305.6
121996.8
120009.6
119404.8
132883.2
136080
153705.6
189302.4
130464
124588.8
120182.4
115862.4
117417.6
139363.2
183427.2
114998.4
109728
110073.6
109209.6
106876.8
126835.2
169516.8
452908.8
2774304
773625.6
803088
593654.4
442886.4
489974.4
400809.6
336182.4
297561.6
287539.2
297907.2
271296
310435.2
339724.8
1066176
649209.6
448675.2
406944
332035.2
307152
284083.2
266457.6
259286.4
248140.8
497059.2
491529.6
376790.4
344044.8
326937.6
318124.8
306892.8
1825632
2111616
1309824
1251072
914976
811209.6
672796.8
593049.6
824169.6
792201.6
2779488
1599264
1084320
2977344
1718496
1310688
1312416
1045440
1160352
933984
623548.8
497923.2
510019.2
508636.8
498873.6
524102.4
483494.4
448934.4
444787.2
412041.6
395193.6
375321.6
363312
372988.8
353635.2
644457.6
2369088
1178496
754099.2
615254.4
699408
523411.2
574300.8
1003968
602035.2
526694.4
478137.6
552182.4
1539648
751075.2
609552
543801.6
486864
494985.6
496195.2
442454.4
427334.4
445564.8
505785.6
570153.6
490320
430963.2
422323.2
564192
529632
557712
764553.6
1664928
1118880
1080864
810000
696297.6
1592352
710726.4
524966.4
525571.2
489715.2
449280
412560
393724.8
475027.2
467078.4
451785.6
456451.2
428457.6
485568
440380.8
401500.8
453168
428025.6
384134.4
370483.2
358214.4
380419.2
449452.8
452131.2
468460.8
518227.2
436838.4
392515.2
374284.8
369014.4
359942.4
343958.4
341625.6
318816
313718.4
315619.2
305510.4
292723.2
306028.8
342316.8
326419.2
302227.2
357177.6
329011.2
348624
405216
332208
304214.4
289353.6
280195.2
276480
274579.2
264470.4
258249.6
247881.6
250473.6
562636.8
1097280
441072
369964.8
363398.4
345168
323827.2
305510.4
293760
276220.8
269827.2
263001.6
253584
254620.8
318816
287280
399513.6
363830.4
368150.4
454032
338860.8
303868.8
317433.6
304732.8
284688
271209.6
260755.2
252806.4
246672
243561.6
232588.8
238464
232761.6
227836.8
224380.8
216518.4
211420.8
207360
206236.8
204854.4
200534.4
198288
198028.8
199929.6
230083.2
206582.4
197856
198201.6
205459.2
211507.2
197596.8
193968
346118.4
290649.6
848448
513820.8
362534.4
322617.6
739670.4
467596.8
380332.8
313632
274060.8
257040
245980.8
234489.6
225590.4
235353.6
231724.8
214272
206496
203212.8
196905.6
196128
193449.6
185846.4
187401.6
196732.8
184896
173836.8
210643.2
196560
242179.2
188438.4
163468.8
157334.4
150768
155692.8
137289.6
137635.2
134524.8
131328
130291.2
133401.6
138153.6
134438.4
134697.6
131587.2
125798.4
126748.8
127612.8
130464
132364.8
131500.8
131760
132796.8
135475.2
129427.2
126403.2
119404.8
111542.4
120355.2
165888
116899.2
260323.2
275270.4
218419.2
248918.4
216777.6
183859.2
160012.8
169430.4
155174.4
156297.6
154569.6
144979.2
141868.8
300585.6
232588.8
200534.4
191548.8
180576
170035.2
148608
135820.8
140140.8
155606.4
439257.6
646617.6
584409.6
315100.8
230083.2
203817.6
188179.2
178588.8
163987.2
156297.6
149644.8
140486.4
135043.2
132537.6
134438.4
131932.8
126230.4
126230.4
173404.8
162950.4
138240
127872
149212.8
160704
141177.6
132278.4
132451.2
255052.8
189129.6
153792
140313.6
145324.8
134956.8
126662.4
121219.2
119664
121737.6
125193.6
120182.4
115171.2
113702.4
110937.6
107654.4
108000
108864
107913.6
104544
124588.8
143424
143337.6
211334.4
152582.4
134352
129772.8
125884.8
120355.2
134524.8
187833.6
150163.2
135907.2
144374.4
129945.6
118972.8
115084.8
112233.6
109641.6
107568
106358.4
105580.8
105148.8
117072
174700.8
166320
171417.6
135216
124416
122860.8
132451.2
400550.4
309744
208396.8
177033.6
161740.8
152755.2
145584
142560
146448
138153.6
134784
159494.4
128304
124156.8
123292.8
166838.4
386035.2
261273.6
234403.2
211075.2
186019.2
173750.4
224380.8
264988.8
238377.6
803865.6
914976
790905.6
563500.8
428198.4
412300.8
753062.4
1381536
4464288
1685664
1563840
2706048
1478304
1177632
1369440
1156896
1136160
1061856
770428.8
661046.4
652320
714960
1255392
972000
1391040
1118880
2943648
3650400
2680128
3991680
1900800
1408320
1139616
1010016
869184
814233.6
806889.6
787881.6
725846.4
817257.6
728697.6
668563.2
696816
1766016
1155168
1290816
1067904
1358208
1749600
12277440
3696192
2053728
1521504
1343520
1143936
959040
2317248
4158432
5697216
10463040
6350400
5341248
2909952
3377376
4624128
2593728
3758400
2495232
2240352
1569888
1290816
1132704
1145664
1277856
1192320
1084320
3323808
1601856
1315872
1143072
1683072
5194368
2049408
1730592
1454976
1451520
2677536
1626048
1172448
1087776
1107648
1198368
1027296
958176
850608
771552
707875.2
677289.6
1361664
1041120
867456
955584
3635712
1583712
2448576
2483136
1542240
1157760
940896
824688
744163.2
684720
614649.6
567475.2
561859.2
796348.8
636681.6
600480
918432
1442880
1054080
767491.2
713404.8
989280
785808
672364.8
647308.8
574128
539222.4
512784
505353.6
481248
456537.6
431654.4
412473.6
398476.8
369792
362188.8
365212.8
342316.8
355968
402192
427420.8
349228.8
310780.8
300153.6
301190.4
309312
311990.4
389750.4
826848
588124.8
468028.8
471052.8
469324.8
426816
390441.6
629596.8
2098656
2097792
1128384
906336
762220.8
632880
522806.4
489801.6
453945.6
429408
403488
379382.4
373161.6
372038.4
373248
379814.4
1976832
1630368
1223424
933120
666230.4
554601.6
504057.6
462326.4
435542.4
413424
375926.4
352944
334195.2
316051.2
301795.2
289008
275443.2
269568
267667.2
260841.6
276220.8
283219.2
252633.6
244166.4
225072
215481.6
213580.8
242956.8
257212.8
232502.4
215308.8
203385.6
195523.2
190944
184377.6
182736
177811.2
170294.4
163209.6
168652.8
201744
164851.2
179625.6
177465.6
203558.4
201225.6
193190.4
190425.6
606528
588988.8
578361.6
334886.4
324864
249264
210038.4
183686.4
181094.4
171676.8
168220.8
167097.6
164160
170985.6
168393.6
189993.6
183686.4
170035.2
179020.8
240451.2
188179.2
167270.4
185500.8
186624
181699.2
166579.2
150163.2
143337.6
135993.6
142128
150249.6
142732.8
135216
128217.6
1308960
822528
335491.2
234835.2
199584
189129.6
182476.8
254016
192153.6
162518.4
152236.8
141955.2
135734.4
131500.8
135648
138672
133488
128822.4
122688
119577.6
111888
128822.4
329356.8
232243.2
164332.8
140745.6
129254.4
121737.6
113184
113356.8
129340.8
147139.2
167097.6
141696
179193.6
191635.2
145497.6
132278.4
128217.6
141955.2
124675.2
116294.4
111024
108950.4
109468.8
119145.6
144806.4
126316.8
117849.6
112233.6
124934.4
145065.6
168998.4
141177.6
123897.6
118108.8
121651.2
120182.4
120787.2
112492.8
109036.8
107654.4
106876.8
113529.6
138412.8
142819.2
123811.2
117590.4
111628.8
109728
107308.8
105148.8
102556.8
101779.2
104284.8
101952
101347.2
108604.8
141436.8
103248
100656
101088
104803.2
103680
107481.6
146966.4
292896
895104
475977.6
343267.2
336441.6
295315.2
517536
375753.6
315100.8
414460.8
472003.2
348192
290736
255139.2
227750.4
210902.4
200448
193536
211334.4
199584
185068.8
247968
411696
3297024
2557440
1137024
794620.8
815097.6
846374.4
2318112
1153440
1132704
800582.4
689904
627177.6
546825.6
471657.6
418521.6
1549152
14264640
2758752
1543968
1125792
925344
864864
742262.4
642556.8
578016
523152
462844.8
444528
411004.8
380246.4
375580.8
457228.8
390960
356486.4
342144
328060.8
295056
285379.2
278294.4
271814.4
269049.6
269913.6
264470.4
254448
253670.4
258940.8
257472
844214.4
1166400
841708.8
907200
725155.2
558489.6
503452.8
461721.6
446688
443750.4
530409.6
499564.8
420681.6
363139.2
358041.6
339292.8
332467.2
352080
350956.8
353808
295142.4
276393.6
261446.4
738460.8
641520
486259.2
418176
370915.2
333244.8
318556.8
311126.4
298512
289872
290044.8
261705.6
247708.8
296092.8
352771.2
296697.6
379987.2
500947.2
416361.6
358819.2
419472
375580.8
375926.4
957312
869184
628387.2
547689.6
2141856
1684800
1332288
1413504
984960
803606.4
616204.8
569203.2
527385.6
508723.2
437702.4
452044.8
2658528
1713312
4248288
1575072
1191456
914976
751766.4
658454.4
585964.8
1730592
1038528
802224
688176
677721.6
668649.6
571708.8
549936
520992
478569.6
460944
403747.2
395625.6
412387.2
506217.6
810950.4
577065.6
488419.2
751420.8
2664576
979776
707184
585446.4
535852.8
497059.2
477792
486518.4
478569.6
515721.6
476841.6
416966.4
378432
346032
324777.6
306806.4
292464
282960
277862.4
280713.6
272332.8
247881.6
244080
238550.4
230601.6
223776
215913.6
212544
208310.4
210038.4
203299.2
198633.6
204422.4
211766.4
199843.2
192326.4
187574.4
187401.6
183427.2
179452.8
175824
170553.6
166147.2
164160
162691.2
160790.4
156211.2
154396.8
153792
151632
150336
153705.6
147312
163555.2
161136
162432
186192
146361.6
172281.6
165110.4
163468.8
155001.6
142560
134697.6
129772.8
152496
133574.4
130809.6
130550.4
122601.6
120355.2
124848
118886.4
116380.8
135388.8
1115424
2697408
906336
651715.2
418089.6
345427.2
310780.8
238896
221011.2
210816
214704
188524.8
163296
147052.8
139622.4
160185.6
151027.2
143942.4
134697.6
130550.4
122947.2
153360
167011.2
6556032
2954880
1303776
775353.6
583372.8
554083.2
552182.4
451180.8
381456
314668.8
284947.2
301708.8
405129.6
306028.8
257040
242784
232416
222825.6
202348.8
179280
177033.6
177638.4
168307.2
230256
562809.6
571881.6
321408
392083.2
407376
290822.4
240710.4
214531.2
198720
207964.8
205372.8
248572.8
247968
411177.6
296697.6
282009.6
228787.2
193536
178329.6
177120
182649.6
167788.8
178416
407808
261792
210643.2
379209.6
307065.6
208915.2
179798.4
170380.8
166406.4
160963.2
156297.6
159235.2
151113.6
146793.6
143164.8
139449.6
135734.4
135561.6
133142.4
128822.4
136339.2
151804.8
139536
141782.4
150854.4
143942.4
145411.2
153014.4
203126.4
170726.4
222220.8
231811.2
402192
524880
445219.2
294796.8
233798.4
293500.8
310608
231984
208051.2
271123.2
307929.6
242006.4
370137.6
295056
233798.4
226540.8
273888
211507.2
217382.4
599961.6
341884.8
278121.6
216604.8
200361.6
201139.2
201052.8
221356.8
201916.8
191462.4
188092.8
187833.6
214358.4
222220.8
338774.4
826156.8
555379.2
432518.4
316310.4
294451.2
274147.2
245376
214876.8
241142.4
204508.8
187574.4
193017.6
190944
185846.4
176169.6
170380.8
162518.4
156038.4
159840
157852.8
158976
157334.4
150336
144720
141264
142560
139795.2
141436.8
140227.2
139449.6
138153.6
228787.2
342921.6
2333664
2477952
857088
573091.2
457142.4
435888
363225.6
322185.6
299894.4
286070.4
272246.4
258854.4
246240
250560
236044.8
248745.6
209174.4
180748.8
158457.6
210556.8
209865.6
215222.4
204422.4
221011.2
209001.6
257385.6
291254.4
261619.2
302486.4
262569.6
235094.4
242438.4
234403.2
1066176
1308096
623116.8
461721.6
377481.6
378864
1148256
