1769472
1723680
1618272
1607040
1626912
1640736
1807488
2303424
2275776
1726272
1471392
1518048
1556064
1524960
3321216
19751040
11568960
17850240
8786880
6263136
4952448
6782400
5209920
4976640
4198176
3684960
6955200
5111424
4546368
3418848
2918592
2652480
3030912
2438208
2434752
2977344
3489696
3229632
3017088
2653344
2320704
2090880
2032128
1971648
1838592
2019168
2003616
1744416
1605312
1496448
1393632
1313280
1309824
1679616
1760832
2363904
6173280
4463424
3695328
3109536
2717280
2494368
2299968
2503008
2895264
2780352
2524608
2331936
2182464
2087424
2316384
2268864
2502144
2858112
2363904
2302560
3024864
2953152
2294784
1965600
4031424
2922912
2847744
3475008
12398400
6239808
4677696
6294240
12571200
9279360
7691328
8271072
11880000
10333440
22455360
22057920
12147840
8080992
6131808
4849632
4043520
3469824
3040416
2706048
2439072
2222208
2053728
1952640
1830816
1703808
1603584
1539648
1439424
1366848
1345248
1323648
1234656
1230336
1205280
1147392
1186272
1100736
1039392
998784
1013472
1105920
987552
930528
909792
884736
859334.4
863827.2
881280
1134432
1078272
916704
860457.6
811641.6
798422.4
826156.8
747360
712627.2
688435.2
684979.2
704419.2
750988.8
912384
714700.8
689385.6
695520
668649.6
686880
669081.6
626400
599011.2
618278.4
707875.2
730684.8
1001376
946080
841449.6
716428.8
657072
644457.6
636595.2
605836.8
615513.6
756172.8
572486.4
537494.4
518918.4
497232
490406.4
520041.6
701827.2
518054.4
488937.6
465350.4
468806.4
477792
465696
540086.4
947808
632188.8
1175904
1033344
732758.4
1314144
842400
698630.4
1716768
2303424
1214784
896832
2991168
3459456
4495392
2281824
2113344
3150144
2844288
4595616
3506976
2264544
1782432
1542240
1362528
1241568
1156896
1067904
971136
946080
1004832
1095552
955584
883008
831254.4
773712
801100.8
752716.8
744076.8
984096
1100736
1037664
1054944
892512
808012.8
771120
883008
836524.8
870048
2433024
1546560
1080000
1067904
1342656
1213056
1023840
902016
834364.8
797299.2
755222.4
739324.8
762307.2
870048
701395.2
657072
627436.8
616896
1136160
1112832
1051488
987552
1146528
907200
1581984
3071520
2438208
1699488
1323648
1148256
1239840
1708992
1378944
1487808
5347296
3322944
2151360
1760832
1575936
1502496
5436288
3386016
5131296
3867264
3307392
2742336
2959200
4074624
2850336
2351808
2071872
1860192
1693440
1543968
1446336
1378944
1306368
1244160
1186272
1175904
1166400
1128384
1315872
1826496
3989952
2245536
1836864
2737152
3078432
2774304
5759424
3879360
2935872
2903040
5775840
5324832
6846336
5660064
5438016
4935168
9089280
10195200
6325344
10972800
12916800
8093088
8573472
6655392
6103296
6160320
5411232
4893696
4126464
3977856
4348512
3712608
3231360
2871072
2608416
2392416
2242080
2162592
2024352
1905120
1799712
1753920
1749600
1638144
1658016
1793664
2101248
2492640
10082880
7365600
4297536
3330720
2870208
2606688
2748384
2520288
2318112
2194560
2549664
2776032
3124224
2909088
2761344
3045600
2090880
1610496
2460672
4339008
4859136
4542912
3864672
2935872
2527200
4096224
4854816
3311712
2680128
2489184
2227392
4415904
5981472
6809184
16623360
12553920
23474880
23310720
9305280
6399648
4939488
3976128
3379104
3014496
2731104
2522880
2382912
2202336
2081376
1914624
1780704
1709856
1636416
1899936
3940704
9504000
20416320
14368320
9694080
22749120
10540800
10160640
9538560
6990624
8439552
7915968
7021728
6610464
7682688
5859648
5680800
4943808
4396032
3818880
3485376
4994784
3839616
3562272
3119040
2725920
2420064
2222208
2064096
1938816
1846368
1750464
1641600
1558656
1559520
2028672
3548448
3173472
5139072
6304608
5145984
7061472
5361120
4180896
3398112
2893536
2629152
2373408
2140128
1980288
1844640
1746144
1644192
1551744
1467072
1407456
1501632
2461536
1945728
3113856
2010528
2278368
5988384
8249472
4079808
2884896
2373408
2052000
1867968
1683072
1578528
1520640
1439424
1353024
1257984
1206144
1162944
1118880
1078272
1017792
1067040
1061856
963360
914976
889056
869184
824774.4
790214.4
759801.6
741744
730857.6
738288
747705.6
981504
2468448
2879712
1846368
2697408
2356992
1918944
1689120
1483488
1297728
1306368
1358208
1334880
1190592
1097280
1877472
3590784
8218368
4796064
2998944
2431296
2061504
1974240
1771200
1539648
1357344
1247616
1154304
1087776
1041984
1011744
1002240
988416
1035936
1089504
1030752
1318464
1189728
1399680
1073088
964224
975456
931392
1288224
1663200
1359072
1652832
2054592
2330208
1629504
1425600
1527552
1358208
1196640
1101600
1080000
984096
937440
879552
844819.2
838166.4
1303776
1493856
1549152
2358720
1540512
1512000
1285632
1117152
1024704
946080
8609760
12216960
4904064
5514048
7837344
4424544
3508704
2732832
2236896
1912896
1670976
1522368
1548288
1422144
1274400
1194912
1273536
3913056
2154816
2213568
1768608
2712960
5895072
4035744
2715552
8309952
15958080
9806400
8279712
6034176
4308768
4889376
3814560
3953664
3835296
3204576
2872800
2413152
2134944
2044224
1998432
1968192
2353536
2378592
2384640
1915488
1755648
1620864
1604448
2124576
1982016
1626048
4288032
4002048
3684096
3115584
5490720
5577120
10031040
5927904
4402944
3176064
3625344
6566400
5016384
4744224
5088096
5408640
4738176
3659040
3944160
3589920
3877632
2886624
2557440
2270592
2065824
1997568
8709120
4604256
3424032
4178304
8539776
5465664
4861728
6060960
5825952
4421088
5939136
4471200
3871584
3580416
3275424
13374720
14195520
7545312
5532192
6227712
5522688
5021568
3925152
3852576
3511296
4267296
3205440
4142880
3839616
4993056
4644864
3359232
3398112
3135456
2687040
2356992
2156544
2056320
1941408
2252448
2257632
3765312
2627424
2228256
2011392
1861920
2083968
5895936
3423168
2558304
2304288
2370816
2331072
4743360
7236000
7642944
11517120
7077024
27138240
20018880
23621760
10912320
9417600
7734528
5946912
5301504
7453728
23803200
11085120
7830432
8907840
7394112
8406720
7103808
5377536
4591296
3862944
3360960
5679072
5843232
8472384
7642080
7454592
6205248
6258816
5429376
5390496
9167040
8717760
8329824
9884160
8087040
5984928
11612160
14117760
14662080
8135424
6380640
4984416
4387392
3723840
3307392
3132000
2723328
2481408
2231712
2051136
2076192
2483136
2861568
3506976
4531680
4181760
3098304
3143232
5123520
6028992
4148928
3347136
2928960
2629152
2376000
2153088
1944864
1871424
1857600
1833408
1791072
1619136
1534464
1698624
1691712
1612224
1613088
1641600
1633824
1550016
1451520
1474848
2769120
1880064
2071008
2750976
5343840
3643488
2837376
2369952
2310336
2476224
2267136
1993248
1810944
1812672
1898208
2660256
2185920
1960416
3786048
2716416
2337984
2048544
1852416
1719360
1615680
1533600
1464480
1781568
2147904
1615680
1461024
1429920
1346976
1287360
1242432
1195776
1146528
1100736
1061856
1034208
1004832
990144
978912
955584
942624
1245024
1291680
1261440
1494720
1573344
1282176
1285632
4009824
3398976
3496608
2363904
1946592
1712448
1588896
2611008
2312928
2191968
2033856
2344032
2232576
1913760
1979424
2224800
3462912
2958336
2286144
2084832
2038176
1842912
1728000
1634688
1543968
1448064
1374624
1372032
1697760
1561248
8119872
7337088
4637088
4271616
4453920
3413664
2824416
2864160
3626208
3100896
2525472
2206656
1976832
1823904
1691712
1563840
1452384
1372032
1309824
1279584
1318464
1777248
1541376
1315872
1228608
1168992
1184544
2028672
1963872
6429888
5610816
4509216
3562272
2787264
2366496
2114208
3257280
14834880
9383040
5420736
4064256
3254688
4715712
13685760
12424320
8127648
5392224
4698432
4897152
6042816
9512640
6952608
5295456
4935168
4586112
4785696
5443200
7042464
15958080
8096544
9305280
14575680
19275840
12683520
8476704
6616512
5165856
4136832
4008960
8821440
6358176
4631904
3777408
3312576
9374400
8562240
5549472
4173984
3488832
3138048
2907360
2585952
2340576
4930848
4491936
2913408
2888352
5065632
5475168
4104864
3086208
2619648
2301696
2090880
1945728
1843776
1739232
2058912
2111616
4726080
4712256
2943648
2499552
2578176
2450304
2086560
1890432
1820448
1730592
4720032
4225824
9089280
5738688
3504384
2883168
2636064
2182464
2010528
1759968
1639872
1661472
1575072
1550880
4742496
3978720
3053376
2408832
2368224
1961280
1776384
1980288
2014848
1703808
8538048
6710688
3811104
3009312
5422464
13357440
11335680
6810912
5148576
4136832
8284896
5196960
6054912
6469632
4396896
4045248
3242592
2777760
2496960
2263680
2112480
7761312
15560640
6640704
4836672
3953664
6695136
18187200
12432960
9331200
6977664
5215968
4252608
3700512
3297888
2916000
2634336
2442528
2947968
2803680
2403648
8356608
5532192
4770144
3978720
3360960
2876256
2846880
2800224
3320352
3838752
3149280
2608416
2490048
6166368
11085120
6241536
4593024
3782592
3361824
11007360
9149760
5563296
18999360
11076480
6838560
9357120
9547200
6223392
4748544
3902688
3373920
3097440
2681856
3011040
2935872
2517696
3691008
3834432
4526496
6037632
3526848
2836512
2561760
2331072
6434208
7016544
4832352
4101408
3389472
3284928
22144320
15318720
16623360
19690560
13478400
9244800
8181216
8057664
11836800
12510720
9581760
17746560
8804160
7695648
6064416
4761504
4100544
3748896
4339872
4651776
3585600
3071520
2770848
2517696
2334528
2287872
2090016
1907712
1810080
1782432
1716768
1640736
1652832
1603584
1526688
1484352
1515456
4780512
14281920
12588480
13340160
9694080
14670720
8507808
5625504
4777056
5564160
5348160
4987872
3799008
3377376
3506112
3562272
3224448
2716416
3655584
7972128
5984064
4574016
4130784
3233952
2750976
2475360
2223936
2048544
1918080
1816128
1719360
1626048
1533600
1469664
1429056
1375488
1331424
1292544
1247616
1208736
1233792
1302048
1376352
1251936
1161216
1143936
1136160
1105920
1505088
1836000
2356992
3722112
2676672
2439936
2185056
1953504
1766880
1656288
1546560
1480032
1444608
1416096
1438560
1449792
1378944
1356480
1384992
1504224
1626048
1639872
1678752
1729728
1664064
1504224
1474848
1525824
1632096
2916000
21340800
7638624
7306848
15975360
15215040
6244128
4329504
3800736
3318624
2701728
2863296
2507328
2298240
2149632
1989792
1857600
1651968
1594944
1515456
2133216
2761344
1920672
1708992
1546560
1561248
1731456
2128896
2314656
2089152
2801088
2735424
2419200
2069280
1773792
4853952
3779136
4045248
3081888
2376864
2081376
1926720
1710720
1577664
3186432
3450816
2222208
1831680
1603584
1449792
1334016
1260576
1204416
1160352
1120608
1054944
1014336
975456
958176
941760
1004832
976320
910656
1112832
1213056
996192
925344
872640
865728
867456
1065312
1643328
1190592
993600
898560
885600
915840
888192
843177.6
914112
944352
1196640
1299456
1147392
939168
841795.2
788400
737424
711590.4
762998.4
675302.4
637977.6
609897.6
598752
593222.4
581126.4
631238.4
559180.8
563500.8
547689.6
541900.8
666316.8
1098144
1073088
828489.6
755222.4
2115936
2255040
2178144
1586304
2591136
1949184
1434240
1336608
1321056
1143072
1010016
940896
864864
825811.2
824169.6
785894.4
750902.4
734313.6
902016
1181952
1395360
1533600
1067040
895104
960768
1015200
858816
806889.6
769910.4
725846.4
690854.4
724723.2
795744
648172.8
634953.6
601430.4
583372.8
573177.6
629596.8
708825.6
947808
2939328
1518048
1087776
916704
874368
914976
888192
934848
2282688
2740608
1650240
1344384
1639008
1735776
1324512
1173312
1056672
989280
975456
949536
905472
870048
813888
775267.2
742262.4
740793.6
1060128
1931904
1390176
1125792
1070496
1507680
1210464
1061856
933120
880416
851126.4
823910.4
786326.4
1238112
2299968
1816128
4503168
4359744
6532704
11448000
7747488
4711392
7213536
5878656
8127648
5443200
4096224
4205952
4235328
3469824
5934816
6277824
4066848
3385152
3735936
3290112
2749248
2626560
2373408
2507328
2376864
2139264
2142720
1901664
1761696
1670112
1824768
1632960
2826144
2163456
1794528
1643328
1551744
1461024
1425600
1401408
1326240
1410912
1321920
1241568
1192320
1172448
1231200
4758048
2681856
2312064
4486752
4190400
2891808
2469312
2611872
6416928
10506240
10454400
10385280
5769792
9288000
8124192
10592640
17409600
11698560
21522240
20329920
9728640
7551360
23976000
14454720
10506240
36979200
16597440
17556480
13772160
17893440
11430720
11180160
20286720
14886720
10298880
7413984
6225984
5257440
4392576
4198176
4249152
9339840
7907328
5467392
5420736
6344352
4870368
4421088
5130432
4756320
4447872
7941888
9564480
8907840
8985600
8178624
6125760
5745600
14109120
14221440
9072000
7329312
11957760
9192960
6953472
13400640
12372480
7852032
6245856
7939296
8674560
9564480
14497920
9167040
7648128
10056960
8091360
12960000
7807104
7375104
25963200
21867840
14307840
11041920
11206080
7683552
6238080
8100000
7164288
5115744
4219776
5753376
11931840
5800032
4759776
4804704
3721248
3230496
2889216
2662848
2449440
2290464
2157408
2381184
2258496
6270912
5605632
5622048
4106592
3262464
2831328
2526336
2382048
2266272
2459808
2096928
1934496
3396384
2680992
2639520
3363552
3109536
6568128
5221152
4076352
3921696
3252960
2761344
2490048
2313792
2129760
1905984
1797120
1721088
1586304
1482624
1406592
1340928
1335744
1311552
1268352
1492128
2101248
1556928
1628640
1422144
1682208
2124576
1743552
1492992
1414368
1350432
1537056
1931040
2340576
2089152
2369952
2541024
3907872
3011040
2210112
1861056
1637280
1490400
1391904
1308096
1268352
1313280
1220832
1154304
1130112
1611360
1416960
1242432
1347840
1715040
1281312
1127520
1057536
1062720
1096416
2646432
3441312
2129760
2871936
2716416
2537568
2249856
1857600
1614816
1473984
1459296
1544832
1325376
1208736
1134432
1054944
1007424
963360
927072
902016
890784
879552
908064
833241.6
818208
786672
771984
742694.4
741312
803088
788140.8
965952
847238.4
890784
939168
805334.4
732672
680227.2
675561.6
735264
705888
756432
909792
1280448
817344
872640
1127520
811814.4
708220.8
663638.4
684288
596937.6
573696
603849.6
583545.6
537667.2
554256
701827.2
745200
1092960
1497312
1194912
888192
1587168
1461024
1626912
1359072
1316736
2575584
2801088
2736288
2798496
2633472
1871424
1728000
1472256
1276992
1152576
1257984
1314144
1186272
1059264
969408
895104
862531.2
1001376
2847744
2343168
1503360
1404000
1334016
1295136
1351296
1327104
1333152
1305504
1276128
1251072
1236384
1236384
1173312
1147392
1136160
1160352
1136160
1120608
1159488
1092960
1081728
1062720
1035936
1006560
992736
1015200
946080
926208
914976
913248
901152
923616
958176
4346784
12303360
4100544
8371296
4470336
3144960
3426624
3009312
2568672
2127168
1886976
1702944
1556928
1628640
1771200
12450240
11707200
6320160
6482592
3996000
3379104
3005856
2606688
2822688
4713120
15914880
7186752
4871232
4161888
6137856
7260192
7210944
5919264
4588704
4577472
8426592
5484672
4958496
3873312
3744576
5639328
5275584
10523520
6921504
5099328
5787936
4521312
3902688
3422304
3096576
3938976
3211488
2741472
2466720
2308608
2273184
2133216
2000160
1892160
1791072
1708992
1602720
1541376
1477440
1571616
4775328
3924288
14221440
12182400
8313408
6137856
4870368
11715840
7151328
5750784
8856000
7411392
7476192
5925312
8665920
20917440
12925440
9754560
7588512
5942592
4875552
4003776
3443904
3119040
2935008
11102400
9555840
6297696
4580928
4161024
6333120
10912320
10177920
12752640
16364160
14463360
20139840
9668160
11318400
16718400
9486720
6833376
5322240
4331232
3717792
3223584
2865888
5585760
4961088
5686848
6115392
4368384
6848928
4694976
3838752
3373056
2913408
2607552
2348352
2160864
2054592
1976832
1904256
1946592
2446848
2248128
2009664
1886976
1832544
1845504
1766880
2423520
1938816
1954368
3779136
2506464
2081376
2495232
3652128
3604608
3312576
10497600
4987872
8288352
9581760
5738688
4345056
3870720
3815424
3616704
7091712
7028640
5542560
4531680
5118336
12934080
11854080
6392736
4762368
3940704
3403296
2963520
2633472
2400192
2157408
1982880
1855008
1736640
1649376
1761696
1631232
2998080
3263328
4526496
5419008
3511296
2896128
3071520
2723328
2323296
2066688
1896480
1778976
1661472
1564704
1613952
2237760
1884384
1662336
1734912
1542240
1401408
1306368
1247616
1198368
1140480
1114560
1091232
1059264
1233792
1092096
1041120
1130112
1781568
1753920
1353024
1207008
6029856
3599424
5285952
9642240
4971456
3691008
3661632
3974400
5389632
3583008
2821824
2408832
2192832
2013984
1873152
2341440
2059776
1737504
1623456
1508544
1372896
1296864
1263168
1221696
1206144
1411776
1249344
1149984
1477440
4988736
4131648
2284416
1807488
1556064
1768608
1601856
1358208
1230336
1142208
1072224
990144
964224
959904
927072
899424
871776
837907.2
825811.2
810345.6
850694.4
856137.6
809049.6
783648
826675.2
806284.8
817516.8
1053216
984960
824515.2
784080
816998.4
731548.8
1590624
1228608
1168128
3074112
2257632
1715040
1267488
1095552
1330560
1283904
1321056
1070496
984096
2095200
1771200
3198528
1956096
1979424
1923264
1539648
1372896
1385856
1617408
2830464
4538592
3735936
2922912
2344032
2782944
2318112
2062368
2607552
2193696
3137184
2058048
1669248
1531008
1533600
1423008
1219104
1150848
1391904
1314144
1121472
1041120
1005696
979776
1069632
1732320
2567808
2998944
2147904
1675296
1619136
1632096
1472256
1506816
1298592
1162080
1090368
1214784
1200096
1029888
937440
872640
827366.4
799804.8
785808
789177.6
745286.4
1022112
999648
993600
1078272
904608
864864
844992
784425.6
763084.8
1096416
1025568
859161.6
885600
871776
800323.2
756950.4
724723.2
701136
684028.8
691545.6
656208
643507.2
633398.4
742694.4
1241568
1099872
951264
816739.2
769564.8
738979.2
726796.8
730944
720316.8
750902.4
682560
656208
637459.2
624412.8
622598.4
669859.2
710467.2
644716.8
2216160
1429920
1108512
934848
2390688
3212352
2166048
2325024
1905120
1559520
1334016
1667520
1620000
2046816
4757184
9149760
12925440
11931840
8422272
6913728
8242560
11655360
22308480
15396480
10359360
13737600
9910080
8057664
6076512
5049216
4574880
4625856
3800736
3259872
5152032
8253792
15638400
9910080
11171520
10644480
14273280
21746880
54630720
39856320
18835200
15249600
20139840
15517440
10748160
9106560
7304256
6584544
5856192
5463936
7317216
6890400
13322880
18714240
12234240
17219520
10264320
20053440
12407040
30473280
20779200
13167360
11473920
48453120
21435840
13530240
13072320
15742080
16865280
25669440
18714240
19431360
12035520
12320640
21107520
14739840
13409280
9918720
7565184
5977152
4936896
4301856
3987360
3786912
3437856
3348000
16588800
8985600
8048160
7264512
27552960
24814080
13927680
16597440
10514880
10143360
18895680
11923200
8061984
6956064
8407584
9426240
10497600
10437120
9555840
6783264
5222880
4428000
4203360
3649536
3097440
6486912
15768000
7179840
7312896
9158400
7579008
5794848
4572288
3850848
3378240
3060288
2750112
2515104
2444256
7794144
4494528
3399840
3976992
3743712
3049056
2752704
2719008
3600288
2844288
2538432
2539296
2347488
2140128
1977696
1892160
1805760
1716768
1634688
1562112
1497312
1443744
1395360
1404864
1365120
6501600
7621344
5441472
3593376
3151872
2795904
4111776
5043168
3491424
3967488
4636224
4000320
3626208
3175200
3521664
3665952
2925504
3681504
3856032
3243456
2929824
2662848
2396736
2223936
2008800
1882656
1777248
1659744
1581984
1528416
1455840
1429920
1419552
1402272
2234304
2360448
2896128
4684608
2998080
2259360
1930176
1755648
1628640
1547424
1424736
1254528
1175040
1129248
1059264
1016064
972864
941760
917568
1083456
1264032
1569888
1993248
1590624
1298592
1137888
1013472
994464
968544
906336
844560
799459.2
758764.8
724723.2
729216
671328
652320
629164.8
771638.4
830995.2
761875.2
671414.4
641433.6
678499.2
750470.4
744681.6
698630.4
655862.4
675907.2
640051.2
606528
606787.2
871776
700358.4
606960
564364.8
631756.8
870048
739324.8
681523.2
630892.8
830476.8
985824
1497312
1842912
1307232
1600992
2274912
1395360
1391904
2250720
1894752
2276640
2031264
1499904
1257984
1181088
1175904
1699488
1192320
1079136
1028160
3829248
2157408
1569024
1378944
1333152
1589760
1459296
2656800
1788480
1753920
1410048
1246752
1144800
1084320
1740960
2522880
1572480
1308096
1247616
1581120
1230336
1503360
4822848
3723840
3619296
2582496
2128896
1821312
1613088
1471392
1452384
3824928
2902176
2033856
1765152
1568160
1416960
1310688
1213920
1185408
1101600
1028160
1011744
998784
984960
1050624
1176768
1000512
947808
974592
2013120
9175680
5456160
2500416
2198880
3336768
2083104
1731456
1604448
1391904
1268352
1178496
1092096
1112832
2218752
1585440
1372896
2223072
1715904
1820448
2016576
3190752
2573856
1927584
1608768
1407456
1276128
1183680
1111104
1034208
985824
946080
918432
926208
927936
974592
1016928
1327968
1314144
2509920
3691008
2171232
1715040
1485216
1372032
1324512
1249344
1167264
1104192
1060992
1023840
982368
960768
948672
1018656
945216
918432
948672
953856
1108512
1068768
971136
1067904
1562112
1759968
4243104
2474496
2853792
2439936
3481920
5655744
3545856
2774304
2371680
3381696
10860480
5406048
3684096
2935872
2664576
3070656
2555712
2233440
2357856
2395008
1938816
1758240
1624320
1505952
1524960
2086560
1885248
1789344
1640736
1459296
1369440
1362528
1451520
1372896
1418688
1421280
1311552
1239840
1343520
2653344
2035584
14307840
14100480
10946880
8564832
5980608
4444416
3622752
3061152
2884032
2896128
2458944
2268864
2065824
1872288
1818720
1751328
1670976
2834784
3455136
2783808
2496960
2196288
2173824
10359360
6485184
4361472
3501792
2963520
2620512
2363040
2196288
2027808
1920672
2057184
1778976
1625184
1797984
1811808
1664928
3024000
2638656
2438208
5298048
7401024
4078080
3222720
4228416
3322080
2725920
2425248
2963520
2912544
2781216
2642112
2555712
2877120
2379456
2704320
2619648
2394144
2444256
3252960
7543584
5649696
19025280
16234560
9547200
6749568
5481216
4809024
5134752
7731936
6389280
4774464
3986496
4288032
4024512
3216672
2939328
2800224
2483136
2292192
2074464
2094336
4775328
5394816
10748160
6405696
4639680
7369920
10238400
5992704
4458240
3664224
3109536
2757024
3147552
6005664
9555840
5350752
3534624
2808000
2592000
2200608
2001024
1855872
1718496
1605312
1491264
1423008
1404000
1328832
1274400
1223424
1304640
1298592
1165536
1111104
1086912
1028160
985824
947808
937440
940896
916704
894240
919296
854409.6
827107.2
792115.2
773625.6
758332.8
762134.4
710035.2
696902.4
688348.8
674179.2
663206.4
663033.6
717033.6
645235.2
659491.2
665884.8
752198.4
1915488
1160352
948672
776304
976320
1261440
979776
929664
821232
801187.2
677462.4
924480
1087776
797299.2
743385.6
699321.6
706233.6
685929.6
651974.4
611193.6
1147392
6530976
4655232
5658336
3995136
3287520
3391200
3215808
2162592
1785888
1861920
2068416
1611360
1347840
1189728
1081728
1029024
987552
1012608
916704
835315.2
806457.6
1888704
1548288
4350240
4082400
2435616
1867104
1630368
4199904
3166560
2261952
1982016
1702944
1508544
1538784
1455840
1265760
1212192
1177632
1168992
1346112
1067904
951264
925344
1039392
913248
1193184
1656288
1287360
1048896
2490048
2303424
1993248
1654560
1716768
1749600
1545696
1684800
2514240
1802304
1430784
1696032
3316896
1955232
1490400
1293408
1197504
1213920
1093824
2444256
7143552
3820608
5891616
4972320
3186432
2425248
1969920
1775520
3269376
2185056
1944864
2205792
1747008
1578528
1660608
1410912
1276128
1154304
1075680
1039392
1151712
1633824
1467072
1915488
3039552
2240352
2158272
2617056
1905120
2788992
2483136
1882656
1658880
1550880
1429056
1310688
1455840
4868640
2479680
2059776
2209248
5920128
3027456
2621376
3518208
2544480
2346624
3017088
4046976
2784672
4497984
7093440
3706560
3248640
2703456
2347488
2306880
8484480
5566752
9434880
5496768
4069440
5929632
7547040
5914944
5186592
5698080
4910112
5508000
4099680
3751488
3376512
2796768
2447712
2277504
2076192
1897344
1860192
2170368
2212704
1845504
1734048
1652832
1619136
5640192
2870208
2738880
2301696
2011392
1806624
1663200
1719360
1598400
1751328
1694304
1770336
1583712
3774816
4864320
14290560
10722240
6091200
4483296
3831840
5564160
3731616
3013632
2610144
2330208
2211840
2073600
1912896
1806624
2330208
5293728
2666304
2087424
1783296
1696032
1626048
2302560
2188512
2047680
1769472
4376160
3261600
3454272
3262464
2547936
2175552
2071008
3257280
12536640
7553952
4688928
3562272
3068064
4266432
8147520
