175564.8
170553.6
157161.6
164505.6
155606.4
178588.8
163468.8
187401.6
191030.4
170899.2
147225.6
164419.2
171849.6
167788.8
401155.2
2222208
1534464
2779488
1340064
1016064
754444.8
952128
1068768
962496
737596.8
717552
2038176
1031616
833760
539136
428716.8
377654.4
388540.8
310348.8
308361.6
565142.4
780019.2
616636.8
529804.8
436838.4
371088
327024
316915.2
310608
278294.4
325296
275184
231292.8
208828.8
191203.2
175478.4
160012.8
150163.2
137894.4
148608
319939.2
892512
568252.8
430358.4
339638.4
285638.4
255052.8
226886.4
273110.4
431913.6
437616
382492.8
351820.8
313891.2
358214.4
421545.6
354844.8
357609.6
356054.4
263779.2
254016
256953.6
220320
193881.6
174960
189734.4
180576
172368
240192
858556.8
387072
322963.2
620870.4
1188000
975456
897696
972864
1775520
1997568
4988736
3231360
1533600
1073952
783734.4
601603.2
486518.4
408412.8
351561.6
308620.8
272678.4
243129.6
220924.8
212544
193363.2
174355.2
159494.4
149385.6
143769.6
135993.6
136339.2
126144
116985.6
115689.6
107913.6
102556.8
98841.6
92793.6
87955.2
83894.4
84499.2
89683.2
83721.6
77328
75081.6
71712
69638.4
68169.6
67219.2
90374.4
80870.4
70416
64627.2
60825.6
58060.8
55296
59788.8
58406.4
51753.6
50716.8
51235.2
53654.4
55209.6
55814.4
52444.8
60048
55555.2
55382.4
51753.6
47692.8
45360
46310.4
54777.6
54777.6
63590.4
67046.4
57801.6
49680
43718.4
42768
41558.4
38793.6
36633.6
34560
32313.6
30153.6
29721.6
28512
27388.8
26870.4
26956.8
26092.8
25747.2
24278.4
24192
24537.6
22896
28166.4
36806.4
27648
37152
40694.4
33177.6
36806.4
30153.6
29894.4
38448
40003.2
35596.8
31363.2
182563.2
233193.6
272592
130204.8
92016
95385.6
115689.6
515116.8
320976
177638.4
131500.8
108950.4
95299.2
83894.4
75340.8
67996.8
63936
60739.2
65059.2
63849.6
57715.2
51840
47865.6
47952
48038.4
44841.6
45964.8
50803.2
50025.6
65577.6
134438.4
85708.8
66009.6
57628.8
65750.4
58406.4
53136
57369.6
49939.2
46828.8
52099.2
72230.4
94521.6
62294.4
52531.2
46569.6
45014.4
41817.6
39312
37843.2
36806.4
35251.2
34041.6
32745.6
32572.8
126921.6
119923.2
68688
59184
55987.2
48729.6
55468.8
120787.2
130377.6
84240
66096
57888
66355.2
97200
76118.4
69120
563068.8
636163.2
223516.8
159580.8
134265.6
124329.6
605836.8
308966.4
428025.6
323136
252979.2
211334.4
191721.6
285638.4
204508.8
173145.6
157593.6
143683.2
131587.2
122774.4
114739.2
107395.2
102902.4
98755.2
93484.8
116467.2
132537.6
108777.6
124588.8
447465.6
1145664
448502.4
332467.2
361584
334368
294624
353721.6
277948.8
233452.8
276912
454636.8
380073.6
610934.4
552614.4
953856
905472
1390176
1393632
864864
1037664
1054080
753667.2
997056
711936
584582.4
524188.8
447724.8
381283.2
367113.6
589161.6
747705.6
560563.2
457660.8
390700.8
343785.6
309571.2
282096
263520
242265.6
233280
222998.4
222825.6
214444.8
206496
198633.6
155865.6
179280
262569.6
3456864
2149632
1045440
701654.4
567216
495331.2
546393.6
391046.4
319593.6
284342.4
261619.2
225158.4
208915.2
185328
146188.8
181440
163555.2
160617.6
229478.4
619228.8
788140.8
931392
739670.4
494726.4
404265.6
456969.6
482544
351820.8
297907.2
276134.4
245116.8
378777.6
526867.2
834278.4
3133728
1910304
1816128
1455840
932256
696124.8
543542.4
433123.2
366422.4
327024
295488
272505.6
255744
236044.8
220320
197078.4
180662.4
169084.8
161568
159148.8
195091.2
853545.6
1599264
1143072
1054080
2229984
1191456
1356480
1101600
871776
1043712
790041.6
701568
720230.4
1055808
742003.2
760406.4
658281.6
626745.6
525916.8
492307.2
585964.8
428457.6
374198.4
336528
295056
262051.2
239932.8
220579.2
204940.8
192326.4
178761.6
166233.6
155952
159840
216604.8
389145.6
347846.4
562896
762566.4
818035.2
1111968
777686.4
611020.8
467424
386726.4
334886.4
288662.4
254534.4
230774.4
210988.8
197164.8
182390.4
169171.2
158198.4
150508.8
152841.6
210038.4
169257.6
165196.8
144028.8
139881.6
270345.6
321580.8
199497.6
162432
148003.2
137894.4
129772.8
120787.2
117590.4
112924.8
108259.2
102729.6
97372.8
95040
93571.2
89251.2
85276.8
82080
85190.4
81648
77328
71712
69465.6
67132.8
65145.6
62380.8
59788.8
57888
56678.4
55036.8
54777.6
93916.8
185760
361497.6
150854.4
130723.2
117158.4
99705.6
95126.4
82684.8
74044.8
72057.6
70761.6
67651.2
60566.4
56419.2
59702.4
87609.6
172713.6
208742.4
125452.8
97804.8
84412.8
87955.2
82080
70934.4
63590.4
58233.6
53913.6
50889.6
49075.2
49334.4
48384
52876.8
49766.4
45187.2
47952
63158.4
63504
69292.8
51753.6
44668.8
41904
41904
83376
96422.4
77500.8
131328
151891.2
176860.8
112233.6
92880
84672
76636.8
67305.6
59011.2
54950.4
52358.4
50284.8
47952
44323.2
43804.8
51062.4
46915.2
181612.8
637545.6
240192
162432
112924.8
90028.8
75686.4
68428.8
594259.2
976320
372297.6
300758.4
715996.8
345081.6
261100.8
209779.2
173577.6
148348.8
129600
114307.2
117244.8
105840
93398.4
87782.4
107222.4
1403136
510278.4
576806.4
372384
1072224
1642464
992736
608083.2
1566432
3879360
1719360
1102464
753753.6
532656
543888
419644.8
508723.2
460080
336268.8
289699.2
246067.2
218937.6
202608
182304
278380.8
409363.2
591667.2
540864
361152
300931.2
260582.4
238464
240969.6
212025.6
202089.6
259977.6
248659.2
238377.6
219628.8
263088
221875.2
325123.2
312076.8
278035.2
209260.8
384566.4
483753.6
431654.4
473040
480816
475372.8
426470.4
332640
291254.4
266457.6
241401.6
208828.8
188006.4
171763.2
158112
161740.8
872640
358473.6
265248
245462.4
550022.4
338256
361324.8
406598.4
409881.6
322099.2
411868.8
337996.8
297302.4
270864
244598.4
1337472
787881.6
519955.2
430012.8
402710.4
331603.2
293673.6
257990.4
337910.4
262051.2
235526.4
204508.8
197078.4
184291.2
187833.6
196646.4
175910.4
194918.4
176342.4
159235.2
146448
139622.4
138585.6
135129.6
129168
146534.4
225936
161136
145756.8
137289.6
130377.6
127440
127612.8
122169.6
116208
113356.8
131932.8
126835.2
259027.2
586051.2
446342.4
737337.6
445737.6
1196640
1659744
1858464
1029888
825206.4
635385.6
478051.2
449971.2
514857.6
1476576
798768
686534.4
801619.2
669600
700272
730857.6
557452.8
479001.6
402192
347241.6
905472
797040
1242432
815875.2
671587.2
604972.8
552873.6
535507.2
450230.4
698630.4
562377.6
696384
711504
573264
480038.4
642556.8
1562976
1162080
765849.6
593568
474163.2
411264
350611.2
311212.8
300931.2
256089.6
234576
209347.2
188611.2
184550.4
206236.8
243216
246844.8
311040
367113.6
252201.6
270777.6
374371.2
455846.4
333158.4
287712
265075.2
246412.8
223171.2
201657.6
182217.6
170380.8
169948.8
170899.2
164160
144979.2
139363.2
323740.8
253756.8
224121.6
222220.8
203212.8
183772.8
167011.2
159321.6
157680
228614.4
164851.2
191548.8
217296
210384
211075.2
187228.8
165974.4
157852.8
155520
149731.2
139968
131500.8
128131.2
132883.2
191808
159926.4
145411.2
148089.6
141955.2
133747.2
121996.8
116121.6
111542.4
107827.2
104457.6
101865.6
110505.6
134092.8
108518.4
99014.4
97545.6
93139.2
89078.4
86400
83980.8
81043.2
78451.2
76464
73958.4
71366.4
70588.8
69724.8
68860.8
69552
104889.6
99014.4
128649.6
303264
220579.2
144028.8
131587.2
820540.8
497404.8
360460.8
252460.8
213148.8
185241.6
166924.8
195955.2
174355.2
198806.4
249955.2
452390.4
378345.6
283824
586310.4
622857.6
846115.2
599443.2
451094.4
389232
359769.6
302832
260582.4
232934.4
214876.8
193104
177638.4
175305.6
179020.8
164764.8
1241568
1166400
689212.8
552268.8
476236.8
487987.2
361065.6
474681.6
810000
559440
432777.6
362707.2
307497.6
266544
235785.6
209347.2
187574.4
173404.8
160358.4
155865.6
168307.2
283737.6
211680
154742.4
135648
122860.8
126057.6
381196.8
328665.6
1555200
1281312
699062.4
500774.4
379296
303696
254361.6
394329.6
2512512
1483488
799113.6
553651.2
417830.4
716428.8
1304640
780192
790819.2
540345.6
526953.6
661132.8
807926.4
775094.4
539222.4
445910.4
421459.2
356745.6
490233.6
359078.4
543974.4
2243808
1005696
1466208
1820448
1685664
1115424
778377.6
608947.2
461116.8
376876.8
442368
1653696
870048
556416
429408
358387.2
533692.8
464659.2
350438.4
278899.2
240883.2
222912
205113.6
189043.2
177120
191980.8
172540.8
150076.8
204681.6
1251936
590544
369705.6
271382.4
224294.4
193881.6
174700.8
168566.4
168480
145756.8
299116.8
244252.8
359164.8
232588.8
219715.2
197164.8
192412.8
188352
170812.8
153705.6
181094.4
159148.8
168998.4
181699.2
849398.4
393120
262224
220320
193708.8
168048
148521.6
133833.6
126316.8
123724.8
119664
121910.4
288662.4
229305.6
149817.6
129945.6
121910.4
109036.8
103334.4
120441.6
116294.4
98496
1032480
545961.6
302400
238982.4
461980.8
2790720
1745280
909792
637804.8
480124.8
587952
389145.6
375062.4
409536
305510.4
271814.4
232675.2
205372.8
187574.4
170985.6
158889.6
1260576
2356992
802310.4
605491.2
485654.4
1093824
2306880
1310688
997056
738288
559699.2
455068.8
390960
337910.4
295920
263779.2
236390.4
299203.2
251596.8
215568
799632
492393.6
512956.8
360979.2
305510.4
265852.8
332380.8
280800
272246.4
256521.6
229910.4
202089.6
201312
289094.4
685584
380764.8
308793.6
276566.4
257817.6
362534.4
337046.4
268963.2
1367712
743904
604368
1334016
1384128
850867.2
630374.4
492220.8
416016
365299.2
299635.2
310694.4
281750.4
235699.2
343440
557971.2
766800
571968
375062.4
310176
276912
246844.8
1108512
806198.4
501724.8
413769.6
414115.2
489283.2
4306176
2670624
2761344
2662848
1804032
1156896
1137888
1028160
1180224
876960
778550.4
923616
624153.6
685584
540345.6
447552
402364.8
363052.8
400550.4
395020.8
317606.4
285379.2
267321.6
241142.4
223776
215827.2
197510.4
179539.2
168480
160444.8
156297.6
149472
152755.2
147484.8
139622.4
135561.6
143683.2
491443.2
1919808
1634688
1747008
1720224
2080512
1197504
798163.2
675302.4
664243.2
688608
587865.6
454032
398044.8
384048
366854.4
322012.8
275184
460252.8
1249344
726969.6
526608
440640
359510.4
312076.8
277430.4
244166.4
221616
204508.8
197683.2
184896
169257.6
156297.6
148694.4
141782.4
135475.2
130636.8
124848
118972.8
115084.8
128995.2
142214.4
193881.6
146275.2
124156.8
124329.6
121305.6
119232
136857.6
190339.2
356918.4
590976
426038.4
374544
322012.8
280195.2
247104
221097.6
204163.2
195177.6
189993.6
183772.8
196128
204249.6
189302.4
186278.4
197078.4
232761.6
302659.2
292636.8
324345.6
319334.4
296352
254707.2
239414.4
262828.8
270518.4
467164.8
1156896
487814.4
539136
545356.8
597801.6
382579.2
316656
283132.8
247968
217728
214358.4
189302.4
190166.4
175737.6
170899.2
153360
137203.2
132969.6
123465.6
199497.6
211593.6
145152
129168
118800
124848
129340.8
152236.8
173318.4
144633.6
195264
229046.4
181180.8
156988.8
131068.8
284342.4
250560
413078.4
320803.2
217382.4
187228.8
173232
151459.2
139017.6
134265.6
126835.2
121219.2
113097.6
103680
97027.2
91929.6
87955.2
83462.4
79920
76896
73612.8
72489.6
86227.2
71366.4
68688
67996.8
62467.2
60652.8
64713.6
59443.2
56505.6
53740.8
50112
48988.8
50371.2
54950.4
72662.4
68688
55123.2
49680
48902.4
49939.2
45446.4
43372.8
41040
49852.8
48902.4
45273.6
40608
36460.8
34128
32745.6
31363.2
31190.4
30758.4
29289.6
28512
27907.2
27216
27043.2
26265.6
25574.4
24710.4
25315.2
24883.2
25228.8
33955.2
44668.8
53913.6
40521.6
39744
196128
255312
179712
128908.8
155779.2
105840
79401.6
68169.6
68428.8
58492.8
52099.2
48556.8
44841.6
41817.6
40867.2
40003.2
36720
35856
39484.8
40348.8
38188.8
40003.2
36806.4
33264
34128
34473.6
33436.8
32486.4
30585.6
29289.6
27907.2
27561.6
26611.2
25660.8
24537.6
24969.6
25401.6
24364.8
22896
22809.6
62553.6
263520
96854.4
60220.8
46569.6
41731.2
38188.8
37497.6
35942.4
56332.8
73267.2
50112
40089.6
79574.4
113443.2
65577.6
51235.2
43632
40953.6
39916.8
37756.8
36720
34819.2
32054.4
30672
29376
29462.4
33782.4
37756.8
34128
32140.8
31104
40867.2
45446.4
40435.2
33782.4
32140.8
31363.2
31536
30412.8
129859.2
357955.2
279331.2
354153.6
298512
342662.4
657676.8
462326.4
290390.4
637459.2
444960
458352
341366.4
265420.8
227664
207187.2
181612.8
508550.4
586051.2
348451.2
283392
241833.6
227404.8
198201.6
180921.6
162518.4
159321.6
153792
138326.4
123724.8
113443.2
107136
103420.8
103852.8
99014.4
179798.4
176169.6
131414.4
117849.6
110246.4
103161.6
105321.6
107308.8
99273.6
121910.4
108172.8
96854.4
91238.4
91152
109468.8
825638.4
353635.2
312076.8
514857.6
462844.8
325814.4
274579.2
253411.2
282441.6
278812.8
451785.6
700531.2
438048
677635.2
615254.4
620438.4
1478304
1168128
2072736
1740960
1013472
872640
2739744
1693440
1091232
2521152
1432512
1758240
1425600
1539648
1035936
1083456
1938816
1313280
976320
739843.2
603158.4
488505.6
415497.6
370742.4
336096
469670.4
435456
373766.4
494726.4
719366.4
513820.8
452995.2
426988.8
398822.4
405475.2
786585.6
865728
830217.6
1001376
1121472
770428.8
751507.2
1748736
1590624
1027296
806112
1852416
1111968
867456
1469664
1172448
814406.4
668476.8
863136
904608
1118016
1618272
1060992
886464
939168
786844.8
913248
632620.8
547344
586915.2
1416960
943488
813542.4
720144
568252.8
505180.8
630460.8
536889.6
418953.6
364262.4
362534.4
650937.6
406166.4
399254.4
430531.2
342835.2
307929.6
280627.2
258854.4
234403.2
215654.4
199584
200793.6
179366.4
283737.6
308448
329443.2
253756.8
216259.2
196646.4
184377.6
199929.6
197510.4
345081.6
235440
211507.2
814665.6
474422.4
445305.6
454464
380592
349315.2
412041.6
350956.8
380678.4
307843.2
271728
246931.2
235612.8
210816
190339.2
177897.6
167011.2
153532.8
143510.4
135907.2
128736
126403.2
121651.2
122601.6
202089.6
416707.2
204508.8
213148.8
172022.4
237081.6
348883.2
239414.4
202003.2
187747.2
174182.4
161481.6
177897.6
201744
193449.6
254620.8
201744
213408
240710.4
223084.8
182390.4
165024
153532.8
144633.6
135043.2
129254.4
121910.4
167616
140918.4
129600
395452.8
255657.6
170121.6
238723.2
254102.4
176083.2
152236.8
142041.6
137376
131241.6
803779.2
686534.4
385776
498700.8
397267.2
815270.4
564537.6
400291.2
327974.4
296179.2
308102.4
289872
229824
198201.6
178070.4
159494.4
147225.6
136598.4
127094.4
119232
116899.2
107913.6
100051.2
99014.4
94176
87264
81129.6
76118.4
73526.4
71366.4
71280
68860.8
77241.6
68169.6
93398.4
71971.2
60566.4
56073.6
56160
56073.6
52272
49593.6
48988.8
44841.6
41385.6
47692.8
47260.8
41731.2
38102.4
37065.6
35164.8
33350.4
33004.8
35596.8
34041.6
32054.4
31104
32140.8
33436.8
45532.8
57024
46137.6
42163.2
75513.6
52012.8
170121.6
119836.8
156211.2
294192
188524.8
145411.2
108086.4
100051.2
84412.8
78537.6
74044.8
63763.2
57715.2
80870.4
111196.8
87523.2
78624
66787.2
59011.2
53740.8
54691.2
90979.2
117676.8
71971.2
61689.6
54691.2
51753.6
49852.8
50025.6
49248
45964.8
43545.6
41731.2
40003.2
38448
37238.4
36892.8
36633.6
40003.2
39052.8
37324.8
37324.8
36892.8
36201.6
34646.4
33609.6
32659.2
34128
32572.8
31363.2
29980.8
29289.6
28771.2
27734.4
27043.2
29894.4
425001.6
1556928
430272
971136
484358.4
337996.8
281664
242438.4
207360
174009.6
177811.2
175651.2
148780.8
176083.2
170467.2
569721.6
471312
328492.8
274060.8
223084.8
202780.8
185414.4
164505.6
148435.2
166147.2
597801.6
329184
256867.2
228528
246326.4
267753.6
284774.4
390009.6
416361.6
590889.6
813369.6
557366.4
465609.6
398563.2
395971.2
632188.8
627177.6
1791936
1064448
787622.4
997920
726192
649036.8
566784
521596.8
542246.4
447033.6
393292.8
357782.4
335232
329702.4
307929.6
288230.4
263606.4
249609.6
247881.6
228009.6
217641.6
203731.2
212716.8
456364.8
326505.6
842745.6
1163808
864864
661996.8
550713.6
1267488
727574.4
756432
1003104
773884.8
788572.8
619142.4
1099872
2210976
1309824
1053216
823651.2
666835.2
555638.4
458265.6
396316.8
374284.8
348364.8
571190.4
676771.2
616550.4
464400
427334.4
449539.2
478569.6
619056
1018656
1603584
1748736
1723680
1154304
1318464
1518048
995328
766886.4
635212.8
512265.6
439516.8
382924.8
343180.8
566524.8
444096
475545.6
468374.4
335664
484704
369273.6
331257.6
313891.2
271728
243993.6
222566.4
207446.4
201744
198115.2
187228.8
206582.4
300499.2
245203.2
208396.8
193190.4
187315.2
186883.2
179539.2
182217.6
162518.4
158457.6
165196.8
153964.8
143251.2
167702.4
222912
230860.8
226022.4
711763.2
369100.8
523065.6
802137.6
512870.4
419212.8
355449.6
318556.8
289008
309744
286416
247276.8
217987.2
210902.4
630547.2
658368
431049.6
361843.2
327974.4
292809.6
262828.8
236649.6
217296
197596.8
185500.8
174182.4
164678.4
157593.6
188006.4
160444.8
310348.8
263001.6
438825.6
463795.2
306201.6
267580.8
286934.4
253756.8
223084.8
201052.8
186710.4
176256
166492.8
158630.4
155692.8
176256
154051.2
143251.2
144460.8
131846.4
121564.8
114652.8
110851.2
106617.6
101606.4
98409.6
95904
95817.6
114825.6
98496
94867.2
96336
108259.2
108864
95126.4
90892.8
680140.8
284688
665971.2
1043712
483062.4
396403.2
487728
380419.2
382924.8
328320
275616
245462.4
223603.2
204508.8
196128
208656
188697.6
161913.6
150768
139881.6
129772.8
122342.4
115257.6
108604.8
117072
123552
115776
106272
133401.6
433382.4
310348.8
175478.4
145238.4
131846.4
123811.2
111456
104544
100396.8
94521.6
88819.2
85449.6
84758.4
87436.8
81820.8
78019.2
75340.8
71539.2
68860.8
67910.4
66700.8
68688
64972.8
62640
65232
65232
59788.8
63936
58665.6
54864
51062.4
49680
47692.8
78796.8
60566.4
63158.4
104803.2
112320
83030.4
66182.4
59011.2
57110.4
60134.4
57974.4
51321.6
50025.6
73008
64627.2
109209.6
85363.2
75427.2
70416
58406.4
58924.8
57974.4
73353.6
304473.6
605145.6
342921.6
247795.2
176428.8
188092.8
156902.4
133488
120873.6
107654.4
98928
87436.8
79660.8
75168
72576
68169.6
64454.4
61344
86400
83721.6
68688
61084.8
61430.4
60307.2
56937.6
56851.2
165974.4
245635.2
135388.8
97632
88041.6
78451.2
70243.2
65491.2
61257.6
58665.6
57283.2
61689.6
56332.8
53395.2
52531.2
49680
47865.6
47260.8
46915.2
45273.6
44064
78969.6
73180.8
80092.8
88387.2
64972.8
55728
51494.4
48124.8
47779.2
58492.8
53395.2
50371.2
53740.8
73094.4
57801.6
51235.2
47779.2
45705.6
44582.4
43632
42940.8
42336
41644.8
50025.6
65059.2
60652.8
54777.6
50198.4
47260.8
45532.8
46137.6
54259.2
51148.8
48124.8
46742.4
46137.6
45100.8
43718.4
43718.4
45014.4
43632
41644.8
45619.2
46483.2
45360
43804.8
52790.4
87868.8
82684.8
75945.6
67392
59702.4
56073.6
122860.8
106531.2
89510.4
423705.6
498441.6
652233.6
638928
408153.6
365644.8
808531.2
1341792
2449440
1384128
1235520
1839456
1137888
882144
644889.6
573696
553737.6
496195.2
390268.8
338169.6
432086.4
575078.4
1202688
829526.4
1243296
869184
1266624
2711232
3391200
2432160
1416960
1043712
981504
859248
721440
633744
529891.2
475459.2
439084.8
418867.2
380937.6
322876.8
427507.2
902016
713232
844300.8
752716.8
1313280
1200960
4398624
2875392
1632096
1050624
2217888
1188000
916704
1894752
2093472
2447712
3341088
2245536
2448576
1384128
1537056
2299104
1482624
2058912
1360800
980640
725155.2
564451.2
467510.4
445910.4
425606.4
382147.2
445132.8
1745280
784425.6
656726.4
510364.8
1173312
2217888
1139616
1208736
876960
1077408
2312928
1535328
972864
764640
701222.4
643593.6
641692.8
571017.6
640396.8
485049.6
422236.8
371433.6
397872
332294.4
281664
935712
1715040
825379.2
803520
845769.6
739843.2
531964.8
423273.6
364176
318902.4
283564.8
248918.4
220924.8
280022.4
781056
388972.8
333072
461116.8
490838.4
401414.4
344390.4
332467.2
387936
301881.6
267408
249264
222134.4
200793.6
185673.6
175478.4
164764.8
154051.2
143856
134784
126316.8
120268.8
114566.4
113011.2
103939.2
119750.4
219024
206928
140313.6
119491.2
109555.2
104716.8
102729.6
102729.6
158112
299376
225244.8
209001.6
201139.2
196905.6
187401.6
165196.8
337996.8
527472
426038.4
444182.4
378518.4
315964.8
265939.2
226195.2
200880
181267.2
165801.6
153187.2
141609.6
131328
135129.6
126662.4
122774.4
299894.4
402969.6
535766.4
477792
304992
239673.6
203817.6
181440
166147.2
152150.4
135820.8
126489.6
118368
111283.2
104025.6
97632
91929.6
87868.8
84585.6
84844.8
88473.6
84326.4
79660.8
78278.4
69552
64713.6
62121.6
65318.4
66960
61257.6
55987.2
53222.4
49680
46051.2
44150.4
42422.4
40694.4
38448
36374.4
39571.2
37411.2
34387.2
33955.2
37756.8
44841.6
39484.8
38620.8
39744
55036.8
51580.8
47692.8
45964.8
77155.2
50976
38188.8
32918.4
31708.8
43891.2
40867.2
37324.8
32832
33868.8
34905.6
53049.6
60480
52012.8
89424
159753.6
76118.4
58924.8
105408
74044.8
60739.2
51667.2
44150.4
39571.2
36201.6
47347.2
98064
51062.4
41472
36633.6
348710.4
151027.2
84067.2
65232
58406.4
60566.4
61689.6
136857.6
74131.2
59011.2
50716.8
44841.6
41040
39139.2
43891.2
81907.2
58233.6
45705.6
40694.4
46483.2
42336
85017.6
517449.6
258336
217900.8
130982.4
99792
82080
70675.2
63158.4
62899.2
83548.8
88473.6
67305.6
59011.2
53568
49075.2
46656
42508.8
42163.2
38534.4
35078.4
33609.6
32313.6
32400
38361.6
41731.2
34819.2
31622.4
30499.2
42336
100742.4
101174.4
58060.8
47260.8
52272
66873.6
86313.6
83635.2
78969.6
76204.8
73958.4
71971.2
75254.4
117072
100051.2
87955.2
84672
85104
81734.4
80265.6
104284.8
142646.4
101692.8
88646.4
82080
78537.6
74476.8
71798.4
70243.2
68947.2
68342.4
67910.4
70243.2
70588.8
80956.8
145584
222825.6
162604.8
153705.6
238032
158630.4
130636.8
116726.4
111024
110160
107913.6
101520
96249.6
91843.2
87004.8
84844.8
82512
82857.6
98928
92361.6
88560
87955.2
86832
202089.6
194140.8
146448
145497.6
196387.2
464918.4
802051.2
447379.2
421372.8
326851.2
458956.8
660009.6
412905.6
326419.2
273456
586569.6
3023136
1075680
663206.4
484531.2
443664
522288
378259.2
321235.2
384134.4
318729.6
243820.8
215568
194659.2
178329.6
187747.2
209260.8
176601.6
162777.6
150940.8
141696
135388.8
132019.2
128217.6
123379.2
119404.8
115171.2
116294.4
112320
113529.6
125539.2
143337.6
939168
1453248
976320
913248
666835.2
507340.8
410918.4
344044.8
322617.6
301795.2
262137.6
247536
222998.4
200966.4
193622.4
181872
173836.8
217555.2
269136
211852.8
190080
172281.6
189129.6
561945.6
356227.2
284083.2
248832
224553.6
208224
194832
186624
174441.6
166406.4
156297.6
147571.2
140832
164073.6
159408
148003.2
233884.8
221702.4
191894.4
183168
301622.4
210556.8
200793.6
300672
270172.8
227059.2
209952
374457.6
362448
500860.8
570153.6
471398.4
392515.2
312422.4
282960
268617.6
257904
247190.4
265680
604540.8
730252.8
3174336
1291680
875232
683856
552182.4
463968
464486.4
939168
552268.8
490838.4
465868.8
466732.8
458265.6
370051.2
337305.6
304905.6
269308.8
245462.4
224035.2
215827.2
345254.4
405734.4
602899.2
399340.8
378604.8
580089.6
1118016
633484.8
483926.4
393897.6
333244.8
295920
271209.6
253756.8
268790.4
268358.4
221443.2
199152
181008
167529.6
158889.6
152064
144201.6
137289.6
129081.6
125452.8
122428.8
116640
115171.2
109209.6
109123.2
104716.8
99532.8
95904
93052.8
90979.2
87782.4
85536
87436.8
90374.4
85449.6
84067.2
81302.4
78969.6
75600
73353.6
71712
68428.8
66268.8
64713.6
63849.6
64368
63331.2
62294.4
59356.8
57715.2
57542.4
58752
55641.6
68083.2
67910.4
60307.2
56592
56592
80784
80870.4
70243.2
64972.8
59529.6
55123.2
51235.2
50889.6
49161.6
49334.4
48556.8
45360
44841.6
44928
43286.4
44236.8
57024
1181952
888192
609206.4
351561.6
253843.2
214272
186192
156384
138153.6
141609.6
135216
114393.6
100569.6
91929.6
84672
85190.4
79920
77241.6
72057.6
67737.6
68083.2
112233.6
98668.8
902016
1098144
431481.6
283564.8
227750.4
314582.4
264211.2
204249.6
174441.6
149472
140400
141955.2
134352
119750.4
111888
106617.6
105840
100224
89769.6
83808
86227.2
84931.2
79920
105062.4
136166.4
126921.6
96249.6
192240
166665.6
120700.8
102211.2
93744
88646.4
84067.2
87609.6
89942.4
82339.2
83376
88819.2
97286.4
82512
73612.8
69292.8
69206.4
70070.4
66960
126921.6
327542.4
140659.2
149212.8
178675.2
134870.4
108345.6
97200
92534.4
91756.8
85276.8
83721.6
85881.6
80092.8
76809.6
74476.8
71452.8
68515.2
66960
64886.4
65232
74476.8
78451.2
70761.6
84844.8
133833.6
153619.2
113702.4
104976
96681.6
275702.4
250992
201052.8
182217.6
181612.8
152064
131241.6
122515.2
231033.6
171158.4
144806.4
158716.8
604281.6
287020.8
262310.4
317260.8
233884.8
203040
206582.4
211939.2
177379.2
350870.4
536716.8
286329.6
246326.4
213840
195004.8
199152
316742.4
299462.4
330912
271123.2
234144
268531.2
282960
404438.4
403920
506563.2
410400
423187.2
328320
301363.2
262915.2
233712
213062.4
202003.2
183427.2
173664
174096
179366.4
175564.8
159753.6
150163.2
139536
133833.6
163123.2
147484.8
148262.4
138844.8
129686.4
121737.6
116812.8
116899.2
113961.6
125539.2
120873.6
113961.6
113529.6
262483.2
318816
1504224
1023840
562032
418003.2
381715.2
448156.8
314668.8
268790.4
238550.4
217036.8
206064
191376
178502.4
169430.4
164764.8
174441.6
154656
142646.4
156556.8
153878.4
138931.2
142560
135561.6
143769.6
127526.4
337996.8
228787.2
225244.8
207532.8
178934.4
163123.2
161222.4
197942.4
878688
582076.8
379728
304819.2
271728
447465.6
933120
