358905.6
356745.6
317001.6
322531.2
329788.8
353116.8
661651.2
1051488
416102.4
309225.6
309657.6
323481.6
332985.6
329097.6
902016
7087392
4022784
6114528
2658528
1746144
1347840
2657664
1627776
1442016
1180224
996192
1871424
1395360
1224288
854496
707529.6
634694.4
803865.6
585014.4
623116.8
820713.6
943488
863136
837302.4
712713.6
612748.8
536457.6
535680
526089.6
484617.6
524620.8
532742.4
463104
416880
382492.8
348883.2
329616
304214.4
287020.8
316310.4
477532.8
1883520
1258848
1009152
806803.2
671846.4
596937.6
536544
668736
868320
795139.2
671500.8
605145.6
554169.6
518140.8
578793.6
573955.2
620870.4
681091.2
598060.8
548812.8
871776
944352
699840
565228.8
1931904
1107648
1165536
1466208
5903712
2534976
1720224
2387232
5466528
3485376
2698272
2890944
3817152
2851200
7429536
7115040
3900096
2229120
1599264
1215648
973728
809136
689817.6
597801.6
527731.2
471225.6
422064
396835.2
373593.6
341280
310780.8
291168
274406.4
257299.2
251510.4
251424
232588.8
225417.6
220233.6
212371.2
246931.2
214617.6
192326.4
179107.2
176083.2
189216
177638.4
163468.8
157852.8
153187.2
146361.6
146102.4
146188.8
254016
220492.8
179193.6
167011.2
156211.2
147225.6
140832
131932.8
121996.8
115084.8
121910.4
143510.4
164419.2
212457.6
139190.4
135475.2
132883.2
126835.2
127353.6
126144
115430.4
109296
107481.6
103507.2
115516.8
205977.6
200966.4
165024
144979.2
127785.6
128390.4
127353.6
117763.2
137116.8
213148.8
115603.2
99705.6
90892.8
80438.4
82512
107913.6
171676.8
90633.6
81993.6
75081.6
79228.8
85017.6
80870.4
93312
428112
188524.8
612489.6
393811.2
237168
711590.4
301104
236822.4
1099008
1374624
566524.8
378518.4
1968192
1796256
2580768
1109376
1169856
1944864
1665792
1929312
1111968
798595.2
625017.6
524534.4
437443.2
381456
338342.4
295660.8
266803.2
255484.8
261792
244771.2
222480
203040
181526.4
173318.4
191721.6
170899.2
166838.4
258422.4
281491.2
249264
235526.4
204940.8
182649.6
172972.8
202953.6
190771.2
198460.8
1589760
721008
418435.2
380073.6
422409.6
361584
291859.2
253065.6
224208
208224
193363.2
192240
203904
243302.4
170208
153964.8
139968
141091.2
360028.8
329616
396662.4
320630.4
492048
323136
813369.6
1220832
943488
625104
454377.6
372470.4
398476.8
564019.2
422668.8
595036.8
2318112
1034208
679536
537321.6
471744
452822.4
2401920
1280448
2464992
1613952
1390176
1099872
1270080
1971648
1198368
923616
767145.6
650332.8
561686.4
468720
408240
380851.2
354240
330220.8
308275.2
295488
286243.2
272073.6
307065.6
422409.6
1002240
582422.4
467337.6
1063584
1206144
1024704
1946592
1224288
905472
991008
2741472
2267136
2769120
2046816
1572480
1312416
3440448
3811968
1993248
5389632
5467392
2908224
2801088
1995840
1766016
1880928
1665792
1473120
1231200
1145664
1318464
1105056
926208
783388.8
683596.8
608169.6
571708.8
553910.4
509500.8
455932.8
435542.4
439344
428544
391824
389059.2
646099.2
1065312
546048
3703968
2071872
1227744
929664
780624
699235.2
698284.8
511488
468720
428544
560131.2
670636.8
526608
441072
725414.4
395625.6
305337.6
318211.2
474940.8
1383264
1839456
1764288
1384992
961632
775958.4
1846368
2063232
1198368
870048
779241.6
657763.2
2154816
2345760
2499552
5608224
4301856
13504320
11465280
3304800
1996704
1457568
1116288
915840
815356.8
732931.2
663552
617587.2
560649.6
533865.6
484444.8
443232
435456
415756.8
582595.2
1895616
4663008
11016000
6492096
4253472
10177920
3785184
4266432
3474144
2527200
3081888
3062880
2639520
2432160
2985984
2090880
2044224
1699488
1531872
1308960
1175904
1874880
1347840
1341792
1129248
944352
818553.6
737769.6
676166.4
624499.2
589680
557193.6
517190.4
485136
492825.6
711244.8
1456704
1176768
2259360
2971296
1753056
3132864
2099520
1530144
1189728
985824
886464
781315.2
686534.4
625622.4
574128
537062.4
501033.6
469929.6
440380.8
419126.4
504489.6
1271808
883872
1886976
976320
1246752
3456000
4086720
1809216
1210464
952128
791424
697507.2
603936
554947.2
536630.4
496022.4
456192
413251.2
391219.2
372556.8
349142.4
325900.8
316310.4
337478.4
333590.4
296179.2
278294.4
261360
246153.6
235094.4
221616
207705.6
198720
215308.8
227491.2
220147.2
352598.4
1338336
1680480
970272
1457568
1336608
1040256
835920
712886.4
607305.6
599356.8
606096
614995.2
528768
489110.4
1177632
2325888
5440608
2554848
1448064
1147392
905472
834105.6
736387.2
628819.2
539395.2
484444.8
437011.2
416016
399513.6
379728
382665.6
375580.8
397094.4
424310.4
408758.4
568080
500688
692409.6
477964.8
405734.4
376704
381369.6
633052.8
890784
641347.2
826156.8
927936
1215648
750816
651715.2
717724.8
617155.2
516067.2
459734.4
440640
403228.8
372470.4
338083.2
330048
332726.4
500601.6
639705.6
533433.6
606528
452044.8
422928
365990.4
317520
281145.6
271814.4
4546368
4793472
1566432
1850688
2992032
1572480
1215648
914112
718156.8
596678.4
504316.8
441849.6
443664
426470.4
372124.8
343872
395625.6
1966464
908928
973728
744508.8
1232064
2097792
1358208
922752
2518560
4796928
3193344
3220992
2120256
1427328
1935360
1340928
1422144
1342656
1130112
1005696
791337.6
672624
627523.2
624672
630374.4
785203.2
649382.4
647481.6
526694.4
479692.8
440208
476668.8
893376
762566.4
573696
2776896
1797120
1397088
1235520
2690496
3069792
6098112
2916000
1876608
1279584
1569888
2347488
1681344
1511136
1558656
2063232
1511136
1158624
1485216
1254528
1325376
951264
810777.6
708652.8
637113.6
623289.6
3121632
1546560
1122336
1771200
3792960
2080512
1677888
1893024
1712448
1266624
2061504
1428192
1229472
1171584
1087776
5807808
5873472
2645568
1763424
2370816
2125440
1953504
1435968
1474848
1378944
1666656
1209600
2001024
1684800
2499552
2102112
1447200
1543968
1302048
1095552
921888
815875.2
766454.4
716428.8
778464
915840
1650240
1051488
892512
782870.4
705974.4
947808
2993760
1604448
1180224
1060992
1033344
1065312
2584224
3230496
4252608
5733504
3629664
13651200
10169280
10428480
3883680
3409344
2686176
1939680
1745280
2725920
12121920
4212000
2708640
3301344
2819232
3359232
2528064
1765152
1464480
1200096
1021248
1896480
1823904
2645568
2419200
2747520
2271456
2562624
2210112
2306016
4179168
3773088
3367008
3892320
3235680
2236896
5780160
6337440
5363712
2761344
2032992
1518048
1308960
1089504
965088
928800
788832
703728
605059.2
526953.6
616464
903744
967680
1353024
1611360
1442016
1000512
1058400
2052864
2128032
1436832
1097280
914112
794102.4
706147.2
630374.4
547430.4
551491.2
543456
554860.8
556675.2
481939.2
457315.2
548726.4
545097.6
518054.4
535680
543715.2
544147.2
513734.4
477446.4
499478.4
1117152
680400
876096
1301184
3201120
1660608
1185408
934848
868320
949536
837129.6
700444.8
608083.2
625190.4
677116.8
1050624
780019.2
695606.4
1703808
1055808
896832
767750.4
664156.8
593481.6
540345.6
501379.2
469065.6
584668.8
671846.4
498787.2
445305.6
430876.8
397440
378950.4
363312
345340.8
325814.4
306374.4
290131.2
285984
278294.4
278208
276393.6
265593.6
256521.6
378172.8
392601.6
370915.2
369100.8
399081.6
344995.2
386380.8
1162944
1092960
1300320
745286.4
570758.4
483148.8
442886.4
1251936
936576
857779.2
736041.6
811209.6
724896
615254.4
597628.8
648691.2
1162080
880416
681782.4
615772.8
604800
538531.2
500428.8
479779.2
450057.6
415238.4
386294.4
386899.2
599356.8
521683.2
4781376
3122496
1744416
1744416
1733184
1214784
954720
880416
1143072
1001376
771379.2
636940.8
548812.8
491788.8
448675.2
417744
384912
356140.8
341107.2
337219.2
349228.8
429062.4
386208
337651.2
311990.4
298080
313027.2
770169.6
729302.4
2711232
2121984
1747008
1291680
963360
779068.8
670464
1473120
7390656
3720384
1961280
1364256
1040256
1918944
4859136
4332096
2729376
1588896
1302048
1110240
1196640
3228768
2067552
1469664
1547424
1470528
1579392
2159136
3493152
5494176
2604960
2944512
5040576
7338816
3980448
2371680
1768608
1360800
1061856
976320
1688256
1367712
1054080
853718.4
753840
3417120
2634336
1785024
1232928
974592
884736
831168
685584
610761.6
2259360
1900800
1129248
881280
1213920
1488672
1109376
824342.4
679363.2
572400
508291.2
468979.2
449884.8
425520
596246.4
647913.6
2561760
2585952
1321056
1049760
889056
810432
697939.2
639446.4
601344
552960
2293056
1759104
5169312
2900448
1610496
1218240
1061856
822441.6
735264
613267.2
553910.4
559180.8
509068.8
512265.6
2518560
1559520
1151712
893376
909792
698284.8
617241.6
731548.8
724291.2
568944
3087072
2168640
1159488
895104
2670624
4253472
3112128
1935360
1473120
1174176
2888352
1756512
2718144
2528928
1598400
1457568
1060992
860716.8
745718.4
658713.6
591753.6
4028832
5766336
2303424
1605312
1260576
2394144
8531136
4331232
2874528
2208384
1583712
1278720
1115424
998784
872640
794188.8
725846.4
843955.2
809308.8
711590.4
3295296
1961280
1597536
1491264
1196640
968544
932256
935712
1125792
1592352
1163808
922752
888192
3271104
3904416
2262816
1644192
1249344
1042848
5838048
4790880
2562624
9218880
4289760
2536704
3596832
4245696
2354400
1652832
1292544
1075680
965952
827798.4
881280
893376
769478.4
1479168
1444608
1651968
2116800
1207872
938304
837475.2
741916.8
2562624
2420928
1653696
1460160
1146528
1104192
10687680
6704640
7211808
7988544
5291136
3242592
2839104
2814048
5480352
5453568
4220640
9547200
3626208
2808000
2017440
1489536
1238976
1128384
1339200
1521504
1131840
948672
851558.4
768960
715564.8
718934.4
684460.8
623376
595468.8
566784
544147.2
519091.2
537840
532051.2
505785.6
499651.2
521769.6
2716416
7770816
6726240
6959520
4206816
5990976
3093984
1933632
1614816
1914624
1936224
1755648
1261440
1081728
1114560
1181088
1044576
831859.2
1211328
3151008
2394144
1816128
1600992
1159488
931392
815011.2
715305.6
646272
598924.8
561427.2
524880
496195.2
466560
444873.6
442368
425692.8
411955.2
403401.6
386726.4
372297.6
390441.6
457574.4
519436.8
448070.4
393120
395798.4
396316.8
381369.6
709084.8
873504
1162080
1653696
1092960
965952
861840
753494.4
675388.8
624412.8
574473.6
543715.2
526780.8
524793.6
541900.8
553305.6
513734.4
510192
525312
611452.8
656467.2
647395.2
693273.6
712713.6
651801.6
561340.8
559785.6
591148.8
622944
1275264
13331520
3907008
3471552
9832320
8412768
2631744
1657152
1491264
1320192
972864
1067904
901152
773280
714441.6
649814.4
596505.6
511488
473817.6
435456
780969.6
1003104
682387.2
589075.2
505180.8
503020.8
595814.4
815097.6
837475.2
740707.2
933120
927936
790560
639964.8
550800
2306880
1478304
1560384
1068768
773884.8
646790.4
586310.4
500083.2
445737.6
1216512
1370304
806198.4
630547.2
524534.4
447552
392256
356745.6
339465.6
318556.8
299721.6
288489.6
275702.4
256521.6
248745.6
245721.6
282182.4
267494.4
247449.6
362793.6
412732.8
295574.4
274233.6
250646.4
235526.4
269136
428803.2
583891.2
397008
321148.8
278121.6
264988.8
266198.4
248140.8
231897.6
285120
281664
376358.4
506044.8
412905.6
307929.6
260496
230774.4
213840
207964.8
200448
192326.4
177206.4
164592
158284.8
154310.4
148608
141264
143596.8
156038.4
146448
139795.2
186969.6
442454.4
473385.6
310089.6
234748.8
1036800
871776
647913.6
436924.8
1270080
876096
585705.6
556329.6
581126.4
474595.2
371520
320716.8
286934.4
263001.6
248745.6
245116.8
235612.8
222480
290736
528768
791942.4
760233.6
451612.8
348796.8
412732.8
419212.8
329270.4
295920
277603.2
253584
233712
264729.6
275011.2
204336
199584
183772.8
177465.6
177465.6
243302.4
241920
426038.4
1302048
595728
407462.4
333763.2
304905.6
317952
319420.8
351043.2
1283904
1279584
711244.8
539654.4
668563.2
654652.8
489456
431136
372384
338083.2
334540.8
323395.2
317865.6
302400
277084.8
258336
243561.6
240883.2
418176
1130112
650073.6
513129.6
496368
801619.2
529891.2
431395.2
372902.4
342748.8
324864
304387.2
284515.2
550713.6
977184
730771.2
2932416
2596320
4337280
7166016
3878496
2091744
3653856
2738016
4485024
2581632
1742688
1959552
2016576
1570752
3211488
2971296
1733184
1376352
1610496
1200096
972000
872640
764640
856483.2
784166.4
688348.8
743904
628041.6
563846.4
526608
631152
530150.4
1224288
810432
634780.8
562464
517190.4
473644.8
453081.6
427852.8
401587.2
424656
389750.4
362793.6
348364.8
337564.8
355708.8
2139264
1021248
839030.4
2340576
1861056
1164672
942624
1167264
3961440
5987520
5572800
5018112
2301696
4368384
3290112
5806944
8389440
5306688
11335680
8916480
3827520
2928096
11119680
4911840
3862080
17046720
5663520
7150464
5155488
7502112
4136832
4624128
8522496
6602688
4252608
2741472
2169504
1794528
1492128
1512864
1632096
5069088
3794688
2426112
2345760
2651616
1950912
1762560
2141856
2013984
1829952
3388608
4090176
4103136
4272480
3618432
2501280
2318112
6962976
6645024
3730752
2859840
4497120
3486240
2455488
5626368
4831488
2694816
2047680
3170880
3346272
3881952
6346080
3454272
2915136
4538592
3411072
6083424
3518208
3481056
14575680
10514880
6157728
4497984
5077728
3187296
2413152
3605472
3125952
2101248
1683072
2878848
6068736
2598048
1958688
1767744
1356480
1137024
985824
892512
827193.6
778550.4
708307.2
817948.8
777945.6
3031776
2685312
2689632
1828224
1341792
1114560
959904
880416
863395.2
951264
786585.6
721180.8
1409184
1048032
1159488
1464480
1448064
4192128
2883168
1953504
1736640
1353024
1103328
960768
871776
776304
675475.2
618710.4
591753.6
546307.2
499910.4
467683.2
439948.8
444787.2
443318.4
428716.8
566352
887328
618451.2
664329.6
555292.8
738979.2
1028160
768787.2
628560
581040
543196.8
734140.8
997920
1120608
884736
1089504
1094688
1615680
1245888
891648
734918.4
632880
562550.4
509241.6
469238.4
453859.2
489715.2
435888
412732.8
408844.8
663033.6
542160
465436.8
528336
676166.4
506649.6
432518.4
397353.6
409190.4
395020.8
942624
1207008
754444.8
1469664
1232928
1016064
846892.8
690854.4
601776
540432
547344
619315.2
501811.2
445305.6
407548.8
369878.4
352598.4
331603.2
314668.8
306460.8
303523.2
293500.8
282528
283564.8
281232
266198.4
264643.2
255398.4
254188.8
255571.2
315187.2
460425.6
341280
359769.6
378000
322790.4
275443.2
248745.6
240624
250732.8
253670.4
317347.2
474595.2
710812.8
377913.6
434419.2
563932.8
373075.2
311299.2
279936
264556.8
249696
235785.6
233020.8
228268.8
226540.8
235094.4
304041.6
304128
533865.6
679968
488419.2
369014.4
817516.8
664156.8
875232
724982.4
662342.4
927936
1277856
1214784
1540512
1396224
933120
835056
676512
570412.8
502761.6
509932.8
516153.6
461203.2
416275.2
372902.4
339811.2
320112
416534.4
1815264
1151712
719539.2
717638.4
704419.2
688435.2
737856
781660.8
805507.2
803001.6
793065.6
779846.4
769132.8
758851.2
741052.8
729043.2
729734.4
741225.6
726278.4
712972.8
707097.6
703555.2
699408
691891.2
673747.2
645321.6
625795.2
612230.4
599529.6
592617.6
587088
587174.4
582681.6
598233.6
583718.4
3010176
6187104
2001024
4093632
2045952
1389312
1859328
1553472
1232064
1002240
861148.8
752198.4
670809.6
719625.6
816998.4
7577280
6810912
3284928
3424032
1823904
1521504
1321056
1132704
1311552
2631744
9037440
3398112
2128032
1760832
2991168
3432672
3529440
2853792
2190240
2201472
3589056
2301696
2096928
1581984
1526688
2374272
2228256
4772736
2890080
2007936
2449440
1795392
1546560
1321920
1153440
1825632
1358208
1120608
984960
914112
914976
859248
804384
759024
710640
689126.4
647049.6
618883.2
598924.8
651196.8
1888704
1594944
8163072
5226336
3087072
2182464
1766016
5677344
2877984
2224800
3395520
2993760
2817504
2102976
3668544
7331040
4078944
2875392
2153952
1677024
1374624
1132704
978048
905472
899424
5980608
4552416
2560896
1737504
1591488
2939328
6039360
5138208
6113664
7235136
5994432
8821440
3353184
4603392
6867072
3543264
2219616
1642464
1302048
1050624
902880
797990.4
1867968
1594944
1855872
1898208
1335744
2611008
1537056
1187136
1003968
838339.2
739324.8
652752
600566.4
575337.6
561945.6
529804.8
565574.4
712886.4
640828.8
581472
548899.2
543542.4
591494.4
545616
1005696
698025.6
722995.2
1726272
1004832
785203.2
1088640
1658016
1519776
1404000
4626720
1969056
3955392
3938112
2053728
1461888
1308960
1312416
1227744
2693952
2897856
2316384
1750464
2318112
5737824
4242240
2180736
1550016
1241568
1061856
912384
814233.6
737510.4
662860.8
607046.4
564192
526176
501984
572745.6
529027.2
1448928
1405728
2029536
2152224
1381536
1078272
1170720
972864
807062.4
698457.6
624931.2
585619.2
540432
502329.6
526521.6
942624
727056
608256
630979.2
554342.4
497232
456710.4
427766.4
404179.2
378691.2
370310.4
357523.2
351043.2
444873.6
375321.6
351561.6
410745.6
860544
726710.4
522288
464659.2
3247776
1854144
2900448
4980096
2288736
1653696
1701216
2054592
2865888
1684800
1238112
1005696
918432
821318.4
720489.6
966816
836611.2
700704
656294.4
606960
533952
484185.6
489369.6
491011.2
458956.8
531014.4
445564.8
407203.2
637891.2
2320704
1709856
944352
726278.4
589420.8
804643.2
786412.8
637891.2
560908.8
508291.2
467078.4
418867.2
403833.6
401241.6
382233.6
366249.6
350784
331257.6
324432
315619.2
338515.2
341625.6
314928
300672
324864
313372.8
319766.4
457920
416188.8
323740.8
300931.2
319420.8
276912
818467.2
560736
597196.8
1830816
1033344
732153.6
516067.2
436060.8
634694.4
583200
578361.6
447379.2
393897.6
924480
820281.6
1785024
936576
1048896
929664
705628.8
632275.2
663033.6
840412.8
1565568
2151360
1667520
1276128
1024704
1091232
901152
823564.8
1232928
944352
1549152
876096
681955.2
621993.6
655084.8
561081.6
448502.4
416793.6
571622.4
534470.4
430790.4
395107.2
380160
371692.8
450662.4
937440
1580256
1806624
1166400
889920
846806.4
870912
782611.2
841017.6
680227.2
584755.2
532396.8
655603.2
631065.6
516585.6
447033.6
401673.6
366854.4
348969.6
340156.8
326160
315705.6
489110.4
473040
475372.8
559526.4
438480
397699.2
422496
377308.8
359942.4
554947.2
495936
410572.8
405216
390355.2
367718.4
348451.2
331689.6
319248
308620.8
300326.4
292723.2
286070.4
282096
362188.8
726192
561427.2
444009.6
397008
372556.8
354412.8
343353.6
345772.8
334454.4
322704
315532.8
309657.6
302832
296438.4
295315.2
320544
334800
312508.8
1371168
775267.2
583459.2
501638.4
1575936
1944000
1237248
1348704
1046304
873504
720576
891648
878688
1286496
2655072
5528736
7576416
6350400
4529952
3694464
4045248
5520960
10074240
6399648
4054752
5316192
3558816
2515968
1821312
1491264
1327968
1432512
1204416
990144
1917216
3771360
6670080
3494016
3906144
3897504
6496416
9167040
25228800
11638080
6500736
5472576
9080640
6034176
3538080
2889216
2156544
1922400
1703808
1664928
3036960
2898720
6496416
7849440
4999104
8257248
3643488
6593184
3975264
12087360
6459264
4127328
3643488
19759680
9002880
5398272
4565376
5686848
5929632
9780480
6970752
7517664
4216320
4458240
7653312
5063040
3992544
2880576
2134080
1661472
1355616
1189728
1077408
1041120
965088
965952
6942240
3945024
3500064
3214080
15076800
11923200
6112800
7379424
4115232
3718656
6705504
3633120
2244672
1832544
2754432
3467232
4263840
4391712
3468960
2217888
1513728
1202688
1067904
921024
732758.4
2105568
6070464
2454624
2294784
2581632
2032128
1459296
1104192
857520
733881.6
664070.4
586137.6
532137.6
512956.8
2461536
1288224
898560
1172448
1143072
823219.2
708480
703036.8
1133568
818035.2
691459.2
668822.4
606528
542073.6
493516.8
469497.6
443491.2
411868.8
386985.6
364694.4
345600
327542.4
315100.8
325900.8
324432
3135456
3200256
2259360
1418688
1306368
1132704
1889568
2222208
1534464
1751328
1858464
1512000
1230336
995328
1141344
1138752
868320
1321056
1388448
1082592
937440
829008
716860.8
639187.2
560476.8
505353.6
464227.2
428198.4
401328
388627.2
375148.8
368582.4
359596.8
362361.6
584150.4
551318.4
719971.2
1219968
941760
631843.2
509241.6
468288
439862.4
413251.2
378086.4
353808
328060.8
305164.8
289094.4
276134.4
260755.2
249436.8
241315.2
320284.8
410054.4
511747.2
895104
534038.4
406771.2
348624
310348.8
313718.4
304560
280108.8
254016
235526.4
219628.8
203817.6
193017.6
182217.6
174528
167529.6
287193.6
263606.4
227836.8
183427.2
171331.2
173491.2
210729.6
221011.2
207878.4
180403.2
167616
165196.8
157507.2
156902.4
343872
231897.6
181008
158803.2
160099.2
261705.6
224899.2
198288
175564.8
326764.8
396835.2
737251.2
845510.4
553910.4
825897.6
1022976
597369.6
642211.2
1289952
1111104
1406592
1086048
730425.6
575942.4
493689.6
456883.2
557625.6
418262.4
378086.4
352857.6
1875744
858902.4
610588.8
530409.6
521251.2
625363.2
557625.6
1022976
630547.2
699494.4
487641.6
400723.2
351216
320630.4
923616
1125792
605232
469497.6
466732.8
696470.4
443232
469756.8
1198368
963360
946944
639532.8
518227.2
435283.2
375062.4
334972.8
365558.4
1860192
1135296
729734.4
610502.4
518400
439344
395971.2
350179.2
337910.4
303696
270864
262742.4
249436.8
265766.4
285984
335750.4
275184
260928
294451.2
1100736
6077376
3398976
1378080
1200960
1402272
922752
763257.6
690163.2
572832
510192
462153.6
417052.8
433123.2
1131840
707356.8
593049.6
868320
701395.2
870912
1073952
1600992
1169856
856396.8
676080
578275.2
509068.8
456537.6
414201.6
385084.8
361670.4
340761.6
325555.2
330134.4
329011.2
350006.4
387417.6
527472
546912
1418688
1912896
1003104
757987.2
640224
576892.8
559872
517449.6
468806.4
434246.4
411436.8
393379.2
366940.8
353635.2
342921.6
371433.6
333417.6
317606.4
310003.2
298166.4
389059.2
374630.4
332380.8
396748.8
736992
694656
1755648
1005696
1080864
969408
1566432
2017440
1185408
906336
765504
1169856
2880576
1421280
1008288
818035.2
738633.6
809740.8
705369.6
616809.6
584409.6
562636.8
498700.8
462067.2
427852.8
390614.4
402451.2
750470.4
696816
696384
606182.4
498096
450662.4
458438.4
555811.2
488764.8
527385.6
552528
484358.4
441936
535248
1290816
918432
7293024
5477760
4421088
3049056
1890432
1288224
1039392
876096
851472
908928
756604.8
688953.6
613180.8
544838.4
531792
511488
481334.4
1112832
1181952
892512
767491.2
662860.8
654393.6
3545856
2007936
1249344
971136
817603.2
714528
636681.6
592531.2
544492.8
520732.8
674611.2
527990.4
450144
509241.6
535593.6
502588.8
1378080
1157760
933984
1722816
2766528
1537056
1141344
1819584
1282176
997056
840585.6
1098144
995328
995328
930528
864000
1050624
828576
1107648
998784
837561.6
897696
1293408
3303072
2198880
7207488
7229952
3803328
2381184
1824768
1530144
1819584
3122496
2484864
1670976
1285632
1422144
1342656
1036800
942624
934848
794275.2
716774.4
630374.4
663724.8
1858464
1951776
4749408
2637792
1512000
3374784
4143744
2176416
1448064
1132704
936576
811987.2
1265760
3354912
4728672
2712960
1604448
1168128
1108512
854064
741225.6
663638.4
598924.8
545788.8
493257.6
463968
438307.2
407203.2
388281.6
373420.8
418780.8
420768
365558.4
338083.2
319507.2
303004.8
288576
273196.8
266371.2
262569.6
256608
243820.8
238809.6
237427.2
229046.4
214531.2
208310.4
199238.4
187660.8
181612.8
176342.4
173491.2
169603.2
164332.8
160358.4
155260.8
155779.2
168480
186624
253756.8
1193184
550281.6
363830.4
293673.6
329011.2
482198.4
384825.6
374025.6
305942.4
263260.8
231033.6
405302.4
482112
308534.4
277171.2
249955.2
217382.4
245203.2
222566.4
197164.8
611280
2309472
1607904
2674080
1824768
1624320
1726272
1490400
915840
712368
762134.4
875232
634953.6
507686.4
426816
371692.8
344563.2
319334.4
321494.4
304992
259718.4
243216
987552
723859.2
1300320
1057536
706838.4
553824
474681.6
2015712
1383264
924480
804902.4
663379.2
544406.4
543110.4
531187.2
425088
376358.4
371952
391996.8
495590.4
346464
292809.6
276739.2
298252.8
281059.2
410054.4
497750.4
402883.2
323827.2
1304640
1107648
1005696
774403.2
805593.6
828835.2
708220.8
731116.8
1400544
841017.6
637718.4
902880
1672704
919296
677808
559526.4
512524.8
511574.4
439862.4
1197504
2415744
1813536
2465856
2625696
1410048
986688
772934.4
674265.6
1397088
856828.8
804643.2
855792
658800
604800
641520
516326.4
450144
404265.6
366422.4
343180.8
408585.6
637286.4
527040
815097.6
1159488
850262.4
953856
1021248
734227.2
1103328
846547.2
634694.4
544060.8
497404.8
459302.4
410832
569462.4
2090880
947808
825811.2
991872
2749248
1276992
1141344
1723680
1128384
1099008
1534464
1806624
1169856
1720224
2211840
1249344
1075680
879552
757296
713750.4
3583008
2021760
4559328
2151360
1515456
2808864
3349728
2611008
2226528
2313792
1969920
1858464
1429056
1307232
1159488
926208
787795.2
719107.2
647568
586483.2
569980.8
687830.4
695260.8
566265.6
525398.4
494985.6
534816
2128032
988416
992736
786672
662256
574905.6
517449.6
551664
498787.2
566611.2
547084.8
613612.8
520473.6
1389312
1704672
5402592
3556224
1863648
1330560
1167264
1666656
1130112
884736
741052.8
651110.4
618192
568252.8
515721.6
482371.2
961632
2487456
1017792
755308.8
583027.2
527040
540950.4
957312
810950.4
711331.2
588470.4
1524960
1077408
1057536
1076544
822009.6
691372.8
649814.4
1429056
5179680
2680992
1543104
1123200
943488
1364256
2704320
