127353.6
118368
118281.6
128563.2
140140.8
356659.2
345945.6
307238.4
330566.4
264038.4
170208
156643.2
172713.6
156902.4
308016
2104704
1365984
2169504
827971.2
666316.8
545270.4
952128
634867.2
663206.4
518227.2
404352
564105.6
430099.2
346204.8
255398.4
206841.6
178243.2
190684.8
162345.6
171331.2
277516.8
302486.4
248313.6
246844.8
226022.4
190252.8
161740.8
159926.4
162172.8
151632
148694.4
142732.8
128217.6
117072
108172.8
99619.2
91843.2
86227.2
80092.8
87955.2
123724.8
862099.2
655776
461203.2
328147.2
257212.8
218419.2
191548.8
236563.2
293760
255830.4
208396.8
179712
160185.6
142732.8
129600
121219.2
113443.2
109209.6
105840
100310.4
103766.4
119750.4
115430.4
104544
223084.8
203731.2
157161.6
270518.4
1171584
487641.6
322185.6
823564.8
2502144
1749600
1048896
924480
1056672
698803.2
983232
714700.8
560131.2
388713.6
312249.6
263174.4
224553.6
193536
170208
152496
135734.4
121305.6
108777.6
101692.8
94953.6
86400
78278.4
73440
69465.6
65923.2
65232
62467.2
58406.4
56592
54864
53568
58147.2
50976
47520
45187.2
45532.8
50889.6
47001.6
43286.4
42163.2
41472
39398.4
37670.4
36374.4
36115.2
35164.8
33436.8
31881.6
30844.8
29894.4
29721.6
28944
27734.4
26352
25574.4
25315.2
25315.2
27129.6
25401.6
24883.2
25920
24537.6
24710.4
24364.8
22723.2
21340.8
20476.8
21254.4
23068.8
26179.2
26524.8
24105.6
22550.4
20908.8
20476.8
23068.8
20908.8
19526.4
18662.4
17625.6
16934.4
16502.4
15984
15292.8
14947.2
15120
14947.2
14860.8
14169.6
13737.6
13910.4
13564.8
14083.2
18489.6
16416
15984
19267.2
16761.6
17193.6
16761.6
16502.4
23500.8
28339.2
26438.4
23068.8
77414.4
126921.6
144374.4
85622.4
58665.6
54259.2
63417.6
242611.2
141955.2
88560
64627.2
52617.6
45187.2
40867.2
36460.8
32745.6
29289.6
27993.6
26352
27043.2
25488
23587.2
22464
22032
22118.4
20908.8
20131.2
23500.8
24624
22636.8
22377.6
20649.6
19612.8
19180.8
20736
19612.8
19699.2
65664
65750.4
42422.4
36115.2
34560
32486.4
27734.4
25056
22550.4
21427.2
20476.8
19612.8
19094.4
18921.6
18230.4
17884.8
17366.4
17020.8
23673.6
21600
18835.2
18057.6
18576
17452.8
17280
21081.6
23673.6
22204.8
19180.8
17884.8
20476.8
25660.8
24451.2
22377.6
124588.8
126748.8
67564.8
47433.6
39398.4
36460.8
330998.4
281577.6
323222.4
266889.6
198806.4
162777.6
195523.2
319161.6
208656
145843.2
118454.4
100224
86227.2
76118.4
68256
61689.6
56160
51408
47692.8
45964.8
43977.6
41644.8
44064
50112
158371.2
103939.2
78278.4
85276.8
143596.8
141523.2
201484.8
149990.4
106704
88992
301968
395280
560822.4
370569.6
305424
283219.2
721958.4
960768
474940.8
901152
1112832
666576
946944
561254.4
416534.4
332294.4
283564.8
249782.4
222912
223689.6
394761.6
315532.8
230428.8
189302.4
164419.2
150681.6
140572.8
141523.2
153187.2
170899.2
172713.6
290131.2
159926.4
170726.4
197510.4
274924.8
252892.8
181267.2
1802304
1217376
543628.8
385344
321321.6
299635.2
318902.4
227923.2
202435.2
167529.6
172368
284083.2
289526.4
240278.4
171417.6
195004.8
164764.8
156816
173318.4
317520
462153.6
504403.2
401932.8
256176
198720
431136
669513.6
367027.2
242697.6
205632
170899.2
682905.6
1121472
731548.8
1301184
1017792
2486592
3017088
908928
570412.8
429235.2
330307.2
268704
239587.2
217123.2
198547.2
180057.6
156902.4
144201.6
130032
116553.6
111196.8
106444.8
104371.2
192844.8
881280
2447712
1791072
1294272
3033504
1057536
1091232
1028160
677376
878688
618883.2
629942.4
504835.2
629769.6
434851.2
433987.2
383184
338774.4
291600
250992
259372.8
232329.6
220924.8
196819.2
166492.8
143683.2
130809.6
120182.4
111456
106012.8
97891.2
90720
84931.2
86313.6
93052.8
176342.4
195868.8
649728
716083.2
384393.6
822096
563500.8
367459.2
276048
223430.4
196387.2
170726.4
148262.4
133228.8
120268.8
110505.6
101174.4
92966.4
84758.4
79660.8
89424
152064
157593.6
374889.6
203990.4
172713.6
317692.8
479692.8
278121.6
182131.2
148780.8
128476.8
114134.4
100137.6
95472
87609.6
80611.2
74736
67996.8
64368
60652.8
56419.2
52963.2
50630.4
48902.4
48038.4
43977.6
41644.8
40003.2
38448
37152
35769.6
33696
32572.8
31363.2
30326.4
29548.8
32832
89510.4
202608
117936
96336
114048
145238.4
102643.2
79488
61344
53654.4
47520
46051.2
41644.8
39484.8
43632
257904
764035.2
335232
177984
135561.6
113443.2
96422.4
82339.2
69552
60393.6
56332.8
47779.2
42076.8
39225.6
38620.8
37238.4
35596.8
35510.4
35769.6
33955.2
37497.6
42163.2
56332.8
51840
39916.8
34387.2
31276.8
35769.6
41212.8
41212.8
71452.8
76982.4
117072
95644.8
61603.2
51840
44323.2
38707.2
33350.4
32918.4
30153.6
27734.4
25920
24019.2
23155.2
27302.4
26179.2
25315.2
44496
34387.2
33264
29980.8
25660.8
23155.2
22032
228787.2
905472
276220.8
161740.8
320976
189302.4
128563.2
99273.6
79747.2
65404.8
56073.6
49680
47174.4
45878.4
41644.8
38707.2
41212.8
516153.6
205718.4
412387.2
245462.4
582595.2
921888
531705.6
293673.6
414892.8
1377216
944352
777427.2
509673.6
355536
373507.2
282873.6
278985.6
277948.8
235612.8
231120
173491.2
144806.4
130032
120700.8
150854.4
274665.6
182822.4
140400
117590.4
104630.4
95040
92102.4
101260.8
123206.4
106358.4
344736
277948.8
189302.4
169948.8
177811.2
274752
988416
518486.4
277084.8
199497.6
448934.4
556502.4
360547.2
296265.6
288230.4
312681.6
275702.4
198633.6
189561.6
180144
191030.4
153964.8
131241.6
116726.4
105148.8
99532.8
565401.6
313372.8
204336
273542.4
731462.4
435196.8
298339.2
284428.8
287798.4
224899.2
396144
294537.6
226281.6
199929.6
177638.4
1276128
1435968
598492.8
407635.2
415324.8
385948.8
315705.6
256867.2
284256
228960
196905.6
171763.2
211334.4
282009.6
258422.4
257904
198806.4
241747.2
226454.4
194572.8
162086.4
145756.8
141350.4
135216
130464
144720
303523.2
194486.4
158371.2
139190.4
126662.4
121132.8
212112
187920
142819.2
124070.4
125366.4
124848
253238.4
557884.8
623980.8
1279584
554515.2
1702080
1324512
1650240
715219.2
619056
531187.2
397267.2
372470.4
758246.4
3013632
1028160
623980.8
635299.2
536025.6
613353.6
528163.2
380246.4
338601.6
283478.4
240019.2
488246.4
496800
560822.4
391651.2
401328
339206.4
422323.2
409104
364348.8
694828.8
651369.6
729129.6
654220.8
647222.4
424051.2
1200096
969408
925344
516931.2
400118.4
316310.4
268704
232502.4
205804.8
184032
159062.4
144374.4
127526.4
128304
110246.4
135129.6
167356.8
204768
259718.4
179798.4
143078.4
163036.8
269740.8
316569.6
207273.6
162604.8
141955.2
131328
120960
111283.2
99446.4
92966.4
90979.2
90374.4
91152
82771.2
76896
119923.2
124416
125971.2
130982.4
118627.2
105667.2
93052.8
85190.4
80611.2
104198.4
93571.2
88646.4
99792
315100.8
258422.4
183254.4
130636.8
112665.6
106185.6
100224
92620.8
84844.8
80092.8
83548.8
132364.8
129081.6
105580.8
162000
138326.4
111974.4
95817.6
85190.4
77241.6
71193.6
67392
65404.8
68428.8
70416
63590.4
58147.2
56505.6
51408
48988.8
47520
46224
44496
42854.4
41472
40089.6
38707.2
37584
36374.4
35510.4
35337.6
55123.2
55468.8
59184
55036.8
58838.4
50889.6
48643.2
117072
125193.6
200102.4
141436.8
94867.2
74476.8
64108.8
85622.4
92102.4
129340.8
122947.2
230169.6
295315.2
194918.4
166406.4
219542.4
724118.4
385344
247881.6
201139.2
193449.6
163123.2
139449.6
122947.2
108777.6
96076.8
87696
82512
107913.6
109900.8
1921536
1255392
545529.6
401673.6
379641.6
293932.8
224035.2
201744
335664
297043.2
207964.8
167961.6
141868.8
123120
109036.8
97027.2
87091.2
80179.2
74044.8
71366.4
70329.6
87350.4
86054.4
69552
62985.6
57801.6
58924.8
174960
119491.2
770428.8
765936
516412.8
349056
230428.8
173577.6
143424
355968
1745280
1120608
495590.4
340675.2
262051.2
434505.6
996192
578448
466646.4
316828.8
291427.2
264297.6
719539.2
603849.6
438912
312249.6
296006.4
322012.8
493689.6
396662.4
1158624
2357856
848188.8
948672
1605312
2539296
1208736
667440
493862.4
401241.6
317779.2
278812.8
458524.8
349142.4
249004.8
201398.4
177638.4
250300.8
365040
264124.8
195091.2
162604.8
143337.6
136512
117417.6
106531.2
123292.8
186278.4
129254.4
204681.6
988416
733795.2
376012.8
230083.2
175132.8
145929.6
127785.6
115084.8
112233.6
101520
128044.8
138067.2
596937.6
772934.4
417484.8
303696
218851.2
182995.2
157420.8
141177.6
136339.2
136252.8
458438.4
547430.4
528163.2
523756.8
277689.6
214617.6
175392
151459.2
131068.8
114134.4
107827.2
97977.6
91843.2
87868.8
267062.4
292896
176169.6
136252.8
117072
99100.8
90460.8
90547.2
90115.2
78883.2
728697.6
527212.8
242006.4
173664
1035072
1848096
870048
506476.8
355622.4
274665.6
317260.8
281059.2
540000
543024
316224
330480
239846.4
196560
172713.6
153360
140227.2
1249344
2585952
721094.4
492134.4
418780.8
832204.8
2356992
1227744
671328
536371.2
408067.2
334972.8
311731.2
290995.2
249696
216259.2
192326.4
184291.2
165974.4
156470.4
634435.2
400982.4
271641.6
249004.8
229132.8
191721.6
184896
176083.2
176342.4
233798.4
230083.2
173577.6
160531.2
467078.4
690854.4
411868.8
298080
244598.4
211075.2
914976
806284.8
452217.6
2137536
1122336
615945.6
1263168
1697760
1006560
564969.6
423878.4
343440
293500.8
246844.8
232588.8
219628.8
195696
389145.6
449366.4
414892.8
408672
265852.8
211334.4
184809.6
165801.6
430531.2
503366.4
304214.4
247449.6
211248
192499.2
1111104
1691712
1738368
1456704
1276128
842745.6
947808
1162944
1024704
990144
748742.4
1982880
819676.8
703987.2
501724.8
398822.4
340156.8
299894.4
319593.6
298080
255484.8
222048
200707.2
180748.8
166665.6
173145.6
155260.8
137635.2
126576
119404.8
113875.2
108518.4
111715.2
109987.2
105321.6
103248
114652.8
466819.2
2509056
1489536
1654560
1109376
1648512
761702.4
493516.8
416361.6
433900.8
527904
510192
334195.2
275529.6
271468.8
271123.2
257299.2
214099.2
239155.2
510364.8
362188.8
262483.2
222048
185068.8
161740.8
150336
136771.2
125884.8
117763.2
111888
105667.2
99532.8
93744
89078.4
85881.6
81907.2
78537.6
76118.4
72748.8
70502.4
74649.6
85968
125020.8
109382.4
91929.6
88214.4
87782.4
80611.2
89251.2
179712
394761.6
645667.2
459648
400723.2
309571.2
240019.2
194140.8
166147.2
149385.6
138931.2
133833.6
130204.8
130896
129081.6
121132.8
117417.6
119491.2
130809.6
137462.4
143424
128476.8
121046.4
111888
100569.6
93225.6
88387.2
83894.4
79747.2
1169856
401068.8
336096
1083456
1465344
442886.4
296611.2
259200
237340.8
186624
174009.6
163555.2
150422.4
134092.8
123465.6
110419.2
96163.2
90547.2
82512
84931.2
95212.8
84931.2
78969.6
70675.2
68169.6
71712
73958.4
74476.8
69552
71712
72576
65923.2
66700.8
60566.4
429753.6
294192
594518.4
407980.8
215308.8
164419.2
135216
117331.2
105235.2
100656
97200
91756.8
89683.2
81475.2
72489.6
66441.6
62726.4
59788.8
56419.2
54000
51321.6
50112
48124.8
46310.4
45187.2
45878.4
43459.2
41817.6
43459.2
42163.2
40176
38793.6
36633.6
35164.8
36720
36201.6
39484.8
39916.8
35337.6
33955.2
34300.8
38016
33868.8
31968
31536
31276.8
32486.4
31449.6
30672
28512
27561.6
26784
25920
25315.2
25056
24278.4
23587.2
22896
22032
22032
21859.2
21772.8
21427.2
21168
21513.6
21254.4
23241.6
38880
46396.8
35337.6
29548.8
74995.2
59097.6
50457.6
43545.6
54259.2
54691.2
42508.8
41126.4
202521.6
109209.6
72489.6
57974.4
50112
44928
41904
38707.2
36201.6
34905.6
36979.2
39571.2
39830.4
45014.4
38707.2
34819.2
34128
34041.6
33177.6
32486.4
31622.4
29635.2
27993.6
27475.2
26784
25833.6
25056
23673.6
23328
23068.8
22204.8
22032
55468.8
183168
89078.4
65750.4
53395.2
46828.8
44150.4
43027.2
41817.6
51062.4
82512
62121.6
51494.4
54604.8
57542.4
48038.4
43891.2
40176
38448
38448
38361.6
37497.6
37497.6
34732.8
32832
31449.6
31276.8
36115.2
71884.8
73958.4
55555.2
48384
47865.6
44668.8
40694.4
36979.2
35337.6
34732.8
34646.4
33436.8
82252.8
203904
117331.2
315964.8
300844.8
803952
2452896
975456
492739.2
939168
709430.4
1314144
787190.4
452908.8
376963.2
405907.2
353980.8
623808
630460.8
380332.8
296179.2
324604.8
263347.2
217987.2
190857.6
168480
175737.6
162518.4
149126.4
132883.2
120441.6
113097.6
105926.4
113184
105840
176169.6
171504
133056
113356.8
102902.4
94521.6
91324.8
89337.6
83808
84931.2
77760
73872
70502.4
70934.4
68083.2
272851.2
196905.6
149817.6
222912
317001.6
208742.4
163814.4
162345.6
446169.6
788400
1022976
1266624
561772.8
698889.6
707875.2
1093824
3240864
2212704
2324160
2869344
1070496
768441.6
2430432
1303776
819763.2
3262464
1315872
1229472
1155168
1418688
955584
866592
1471392
1239840
796608
575424
484790.4
421286.4
360547.2
348105.6
392428.8
607132.8
596332.8
402796.8
407376
571104
407894.4
340588.8
348105.6
341280
358214.4
725760
887328
724291.2
767404.8
581817.6
447379.2
504921.6
1347840
1121472
650419.2
523670.4
718243.2
594950.4
460252.8
838166.4
694224
449884.8
404006.4
658108.8
899424
1043712
2068416
882144
602380.8
563587.2
483753.6
706492.8
561600
512179.2
1573344
1739232
969408
711849.6
759888
562723.2
455068.8
697593.6
632016
419212.8
340416
430617.6
954720
477187.2
367286.4
396144
309484.8
259459.2
223862.4
201052.8
176169.6
158025.6
142819.2
139881.6
132537.6
402364.8
573004.8
630288
371692.8
263347.2
214099.2
190598.4
182995.2
170812.8
189734.4
165283.2
151027.2
456969.6
304300.8
320630.4
378432
319161.6
683251.2
717033.6
471398.4
342403.2
280713.6
234489.6
203385.6
173404.8
152668.8
136598.4
126662.4
117504
103248
95558.4
89337.6
84412.8
82944
80265.6
82771.2
102211.2
166060.8
123206.4
141868.8
114307.2
113529.6
171504
136598.4
107827.2
95126.4
87091.2
79660.8
89251.2
117763.2
101433.6
112492.8
135993.6
124588.8
120355.2
95644.8
80870.4
73180.8
67564.8
65750.4
59011.2
56073.6
58320
58752
56246.4
57196.8
156556.8
142560
88560
109900.8
141609.6
96768
80265.6
71107.2
66700.8
63590.4
159148.8
219542.4
143683.2
280886.4
307152
363484.8
322099.2
173836.8
129772.8
114912
103161.6
115084.8
101088
85190.4
74908.8
66787.2
61516.8
56851.2
53395.2
50544
50371.2
47865.6
45273.6
42940.8
41904
40780.8
38966.4
37065.6
35251.2
34560
35164.8
37929.6
34560
34560
46656
40435.2
34560
31881.6
30844.8
31968
29548.8
29462.4
29980.8
34387.2
30240
31104
43286.4
33004.8
29548.8
27734.4
26956.8
25574.4
26006.4
26524.8
24624
23328
22723.2
22636.8
23500.8
27648
38275.2
33436.8
30931.2
51148.8
47520
180748.8
136771.2
100828.8
98841.6
73958.4
77068.8
148348.8
157852.8
114739.2
85881.6
64972.8
54000
46569.6
46396.8
44409.6
41904
39312
37152
35337.6
33436.8
34732.8
41644.8
45100.8
37756.8
34819.2
32918.4
31708.8
30758.4
29894.4
29289.6
28080
27043.2
26438.4
25833.6
25401.6
25142.4
24796.8
24537.6
26265.6
27302.4
25833.6
25401.6
25401.6
25228.8
24883.2
24105.6
23932.8
23673.6
22982.4
22636.8
22291.2
22377.6
22809.6
22032
21945.6
21513.6
514166.4
1717632
532310.4
756604.8
435283.2
282700.8
396057.6
374371.2
287625.6
217382.4
181267.2
153100.8
130723.2
123724.8
127094.4
658540.8
988416
492998.4
442368
294969.6
233452.8
201398.4
177897.6
165369.6
300499.2
1702080
766281.6
442368
349660.8
348019.2
486086.4
539308.8
968544
765244.8
493948.8
492048
400377.6
375494.4
304732.8
267667.2
430272
381888
1029888
647568
435024
691372.8
488764.8
397958.4
364521.6
312249.6
454377.6
350784
270950.4
226281.6
216259.2
216604.8
202348.8
187660.8
169862.4
153100.8
145497.6
130204.8
121651.2
112665.6
107308.8
225504
315187.2
1528416
1518912
1031616
684201.6
507859.2
1402272
711504
520214.4
559440
479520
541209.6
400291.2
631497.6
1361664
762393.6
544406.4
432691.2
355536
300412.8
249696
211680
196041.6
198892.8
983232
1010880
503193.6
357955.2
316742.4
571276.8
1006560
1162080
1314144
1789344
1179360
1693440
809481.6
982368
1686528
890784
567648
441763.2
354240
306115.2
263692.8
226108.8
332121.6
350784
286243.2
293500.8
245894.4
532051.2
374457.6
289353.6
276739.2
220665.6
183427.2
160617.6
144979.2
137980.8
142041.6
134179.2
129945.6
144892.8
139017.6
128131.2
120268.8
115516.8
109728
103507.2
115344
111024
109555.2
156297.6
144201.6
115171.2
136080
289180.8
327369.6
200102.4
429753.6
294451.2
580867.2
793497.6
410572.8
307324.8
274752
240019.2
213926.4
336614.4
530496
357609.6
332121.6
343008
879552
992736
489715.2
360460.8
307670.4
271036.8
233452.8
200188.8
175132.8
150336
137376
124761.6
112752
105321.6
114393.6
101260.8
187488
224208
226368
355881.6
221702.4
163641.6
188870.4
171244.8
141177.6
121305.6
108691.2
97804.8
91756.8
85536
85795.2
124070.4
121910.4
100915.2
91065.6
80438.4
72576
66787.2
63158.4
60480
56678.4
54345.6
52876.8
51235.2
62380.8
54950.4
50457.6
51148.8
64454.4
66873.6
56419.2
52012.8
403488
325123.2
519350.4
577152
332467.2
261446.4
387590.4
313027.2
494726.4
285897.6
207187.2
167702.4
143510.4
123120
109555.2
116640
108604.8
92707.2
83203.2
76291.2
68342.4
64108.8
59529.6
55123.2
54086.4
56592
52272
49507.2
56937.6
106444.8
219715.2
104284.8
71798.4
58665.6
60134.4
56419.2
49334.4
43977.6
40694.4
37843.2
35942.4
34560
34387.2
33523.2
32832
31622.4
30326.4
29808
31104
33264
32486.4
31276.8
29721.6
29894.4
30499.2
29030.4
28857.6
29203.2
27388.8
26524.8
25660.8
25747.2
64540.8
37411.2
32140.8
50544
45187.2
42076.8
37497.6
34905.6
34300.8
36720
42508.8
35078.4
31622.4
42681.6
54172.8
171676.8
110678.4
77500.8
63158.4
52012.8
43632
48988.8
59616
223603.2
451958.4
348537.6
231379.2
143510.4
137376
111456
95644.8
95126.4
95990.4
90115.2
81388.8
67910.4
59875.2
54604.8
51494.4
44755.2
41817.6
52704
61171.2
48988.8
42768
40003.2
38966.4
37065.6
37670.4
242697.6
443232
178675.2
105667.2
155520
270950.4
134265.6
143251.2
107740.8
85104
72489.6
65491.2
58838.4
52876.8
49075.2
45532.8
43113.6
41731.2
40867.2
39139.2
37411.2
39916.8
42508.8
41731.2
55468.8
45792
40953.6
41472
37843.2
36201.6
40435.2
41904
37497.6
36892.8
34819.2
33177.6
32054.4
30931.2
30326.4
29548.8
28857.6
28425.6
28339.2
28166.4
29289.6
53136
50198.4
42508.8
37929.6
35337.6
33782.4
32400
31881.6
31276.8
30240
29894.4
29289.6
28857.6
28252.8
27907.2
28339.2
28512
27388.8
32313.6
43113.6
38102.4
35424
47260.8
93657.6
77414.4
87004.8
85795.2
77673.6
66700.8
107481.6
109900.8
116467.2
392083.2
1052352
1299456
972000
819936
686966.4
924480
1344384
2471904
1552608
1124928
1379808
839635.2
590803.2
473644.8
380073.6
332121.6
309398.4
258768
216950.4
309830.4
699840
1570752
845164.8
988416
844128
2445120
2369088
5833728
3678048
1505088
1072224
1575936
1557792
855792
838771.2
621648
535507.2
446342.4
391910.4
569548.8
562636.8
1081728
1622592
1013472
2255904
972000
1512864
1400544
4541184
1494720
785721.6
631843.2
2226528
1372032
856483.2
726019.2
760233.6
806716.8
1737504
1251936
1105920
672451.2
1126656
1785888
908064
767232
593395.2
496281.6
368668.8
306892.8
270691.2
255657.6
279417.6
259632
237945.6
939168
469065.6
397699.2
413683.2
2935008
3457728
1092096
1438560
834883.2
775353.6
1238112
666576
456624
402105.6
419385.6
498182.4
676425.6
710380.8
459475.2
344995.2
281059.2
236476.8
255225.6
238291.2
205027.2
554688
1439424
515376
420595.2
427852.8
336441.6
264038.4
210470.4
181094.4
159408
145584
128995.2
116899.2
112752
318729.6
212544
150076.8
246672
275529.6
179971.2
137894.4
128649.6
164851.2
140572.8
120528
112579.2
102902.4
94521.6
87091.2
82771.2
79315.2
74736
70416
66873.6
63590.4
60048
57542.4
64108.8
60480
145670.4
848361.6
586569.6
275097.6
242179.2
195609.6
232070.4
362534.4
289785.6
298684.8
354326.4
265248
200793.6
179884.8
184032
344131.2
205113.6
416793.6
469065.6
310521.6
272678.4
240192
190080
156211.2
132278.4
117676.8
106099.2
97459.2
90633.6
84240
78969.6
74736
71020.8
68860.8
89510.4
81475.2
78796.8
135129.6
115948.8
87782.4
71884.8
64800
60220.8
58147.2
53827.2
50630.4
48124.8
46310.4
44928
43718.4
42422.4
41731.2
40953.6
41558.4
41299.2
42163.2
41644.8
41040
39312
37929.6
37497.6
38793.6
39312
37929.6
36288
34992
34300.8
32918.4
32313.6
31449.6
31104
30585.6
29635.2
31363.2
36979.2
32054.4
31536
32572.8
37324.8
35856
38793.6
34819.2
34214.4
35856
34905.6
33609.6
34041.6
32313.6
30412.8
29030.4
28166.4
31708.8
31795.2
29808
28598.4
31708.8
36806.4
45792
50371.2
39744
61603.2
109296
56073.6
47174.4
58233.6
52790.4
79920
64454.4
52099.2
44150.4
40348.8
38188.8
38016
35251.2
33868.8
32832
69292.8
54345.6
41731.2
38102.4
36892.8
36806.4
41558.4
94176
57369.6
58060.8
47952
41904
38448
37238.4
41558.4
52099.2
43200
38361.6
36201.6
36720
34732.8
40521.6
128131.2
69206.4
58579.2
50716.8
44668.8
40348.8
37324.8
35510.4
37324.8
73008
97545.6
70329.6
56160
58406.4
48470.4
43891.2
41558.4
42940.8
40003.2
36460.8
36460.8
34300.8
34387.2
35510.4
37065.6
34992
33782.4
33091.2
48643.2
555379.2
548899.2
194832
117158.4
100656
90633.6
81907.2
74476.8
64713.6
58665.6
54345.6
49852.8
56160
90201.6
68688
63849.6
55987.2
51580.8
51235.2
53481.6
95817.6
89424
75427.2
61430.4
52704
47174.4
44064
41731.2
40176
38966.4
37929.6
37065.6
37324.8
37929.6
39830.4
43027.2
46742.4
49680
75859.2
188611.2
115776
82339.2
67910.4
63158.4
77587.2
73785.6
65750.4
59011.2
55641.6
52790.4
48988.8
48556.8
47433.6
49334.4
48297.6
46742.4
48211.2
47433.6
228441.6
197424
104889.6
104284.8
156556.8
142300.8
342230.4
255744
274233.6
193363.2
250214.4
420940.8
237513.6
172195.2
143337.6
336355.2
1105920
420336
262224
193622.4
160531.2
155779.2
141177.6
124070.4
114307.2
104889.6
94780.8
87955.2
81648
74131.2
72748.8
95472
92880
103507.2
104284.8
87955.2
78451.2
77500.8
83116.8
78883.2
75513.6
82598.4
84240
78969.6
76982.4
184723.2
161049.6
1566432
1323648
794707.2
649987.2
413424
313200
253584
207705.6
200275.2
234921.6
214531.2
186364.8
153446.4
128908.8
120787.2
111196.8
105840
168998.4
219456
153878.4
128476.8
111974.4
110678.4
613785.6
335491.2
219801.6
173232
145843.2
138844.8
126662.4
118972.8
110505.6
106963.2
110419.2
95817.6
87696
100483.2
107568
99964.8
178848
214704
158198.4
136252.8
264038.4
194227.2
149644.8
268790.4
212889.6
160617.6
138326.4
471225.6
424742.4
328147.2
259804.8
200275.2
181526.4
158112
157161.6
160012.8
139017.6
123811.2
148867.2
1249344
526953.6
835833.6
1194048
955584
642211.2
471139.2
369360
356918.4
688953.6
455241.6
336960
284169.6
279504
289872
227404.8
198806.4
192067.2
163814.4
146102.4
128131.2
124675.2
179107.2
251769.6
598492.8
469843.2
281664
1194912
1421280
543110.4
375321.6
292896
234576
198201.6
218246.4
633916.8
764208
638582.4
392169.6
286588.8
228182.4
187488
162345.6
144115.2
129513.6
117504
102556.8
94867.2
89164.8
82252.8
78105.6
73872
74563.2
73094.4
68083.2
64108.8
60652.8
57801.6
55555.2
53654.4
53568
52704
50198.4
48729.6
47174.4
45878.4
44841.6
43459.2
42595.2
41731.2
40521.6
39744
39052.8
38620.8
37929.6
37324.8
36806.4
36374.4
35683.2
35856
35510.4
35424
42681.6
42681.6
38880
36806.4
41990.4
50112
45964.8
45014.4
40780.8
37756.8
35337.6
34041.6
33609.6
33868.8
33696
32227.2
31190.4
31104
30153.6
29030.4
33091.2
121564.8
136598.4
203817.6
136339.2
110332.8
189043.2
175910.4
107913.6
81907.2
74217.6
74304
66182.4
56505.6
49766.4
45705.6
44150.4
42768
40608
38534.4
36806.4
36288
52531.2
58665.6
281232
305596.8
152409.6
96940.8
76032
334368
278294.4
159580.8
136684.8
119145.6
92448
83462.4
81561.6
71280
63417.6
60048
58579.2
55555.2
49334.4
45792
45360
46224
42768
47088
53827.2
52444.8
45273.6
73699.2
99446.4
82080
69638.4
61689.6
59443.2
59875.2
56592
173577.6
110851.2
71971.2
74908.8
254707.2
139622.4
89510.4
69379.2
62208
60912
55728
186278.4
495936
211766.4
321408
768700.8
348451.2
200188.8
147052.8
124848
118713.6
102729.6
93052.8
93744
82857.6
78278.4
71020.8
65491.2
60393.6
56764.8
54000
52099.2
52185.6
56332.8
56160
54604.8
71539.2
81734.4
81734.4
102470.4
83980.8
107654.4
121737.6
88128
73440
68515.2
65836.8
59875.2
56505.6
91411.2
104889.6
80352
82425.6
705542.4
268704
178588.8
209952
157766.4
171676.8
230342.4
280972.8
177465.6
225763.2
392860.8
213494.4
160099.2
132624
118972.8
111628.8
345254.4
336182.4
735436.8
430444.8
275788.8
392083.2
558230.4
440035.2
518745.6
582595.2
399513.6
351561.6
264902.4
220579.2
190684.8
160790.4
141436.8
132278.4
115776
106185.6
103766.4
100742.4
95731.2
90115.2
85276.8
78796.8
74131.2
88905.6
91929.6
90201.6
84499.2
74044.8
67996.8
62812.8
61948.8
59184
61430.4
59097.6
59529.6
58665.6
119404.8
213321.6
1603584
1099872
445564.8
314668.8
249955.2
298339.2
225417.6
174873.6
146880
130204.8
124934.4
117158.4
111456
104889.6
111456
404611.2
209865.6
140918.4
144720
209692.8
152496
129081.6
131414.4
118281.6
103939.2
121824
132624
145152
153360
131673.6
115171.2
109728
118454.4
1111968
941760
402969.6
273196.8
214876.8
280800
555206.4
