209433.6
186969.6
170553.6
157593.6
141868.8
144979.2
194140.8
151632
124070.4
125971.2
126144
169776
184032
157248
606787.2
2987712
1286496
1333152
438480
386553.6
304905.6
573868.8
440726.4
480124.8
325209.6
251769.6
473644.8
322444.8
285897.6
180748.8
146620.8
132624
150422.4
129427.2
166406.4
311644.8
266630.4
263606.4
243475.2
255398.4
212112
175564.8
345340.8
318211.2
265248
351734.4
274752
198979.2
171936
156988.8
143596.8
131241.6
126403.2
120355.2
144028.8
187833.6
518054.4
464140.8
368150.4
273024
219110.4
198979.2
184809.6
258681.6
327628.8
252115.2
198028.8
175132.8
161395.2
150076.8
185328
172454.4
200361.6
213408
167529.6
174355.2
219715.2
188438.4
177984
145238.4
181958.4
159062.4
159062.4
333417.6
1035936
290390.4
313891.2
707875.2
2440800
1227744
987552
850953.6
890784
537148.8
733017.6
402796.8
292723.2
225504
194313.6
172972.8
155520
142905.6
136252.8
127612.8
121305.6
115084.8
110505.6
111283.2
106790.4
101174.4
96595.2
94003.2
91584
88560
89337.6
85795.2
83289.6
81216
80352
81302.4
80956.8
76982.4
74217.6
72835.2
75772.8
93916.8
79056
74044.8
77500.8
77241.6
71625.6
69033.6
67219.2
68256
66355.2
65404.8
63244.8
61257.6
60566.4
60566.4
60912
59702.4
57628.8
57196.8
56592
56851.2
61516.8
58665.6
57801.6
59443.2
57283.2
56678.4
54604.8
52185.6
50371.2
50025.6
60912
75254.4
82252.8
67219.2
60134.4
55987.2
52876.8
53654.4
53568
50544
49248
48038.4
47260.8
47088
46569.6
46051.2
45187.2
44928
45446.4
44928
44668.8
43459.2
44668.8
46137.6
43891.2
44582.4
49334.4
44150.4
52272
51408
46051.2
54086.4
48038.4
49248
119145.6
114220.8
66355.2
54518.4
283219.2
615340.8
214704
110332.8
79315.2
187574.4
238809.6
250905.6
106963.2
75945.6
63244.8
57974.4
54604.8
51667.2
49852.8
47779.2
46224
45964.8
52358.4
65750.4
52185.6
47520
46828.8
45532.8
46915.2
44755.2
43545.6
145670.4
101865.6
70329.6
78969.6
66182.4
57628.8
52099.2
51840
47865.6
47865.6
181353.6
108604.8
67305.6
60912
82598.4
70502.4
57542.4
52444.8
47433.6
47174.4
45273.6
43286.4
42163.2
41644.8
41040
40521.6
40089.6
40521.6
449452.8
161481.6
81129.6
71539.2
102211.2
73353.6
77760
103852.8
75859.2
64368
54432
50371.2
57974.4
94176
70934.4
60998.4
346982.4
345772.8
121392
84326.4
72403.2
69811.2
451094.4
199238.4
513734.4
229478.4
159926.4
124070.4
107481.6
257990.4
137203.2
100224
88646.4
79488
72316.8
67651.2
64713.6
63158.4
60912
59616
57110.4
58406.4
59356.8
58406.4
77500.8
88214.4
296092.8
136512
95385.6
106272
177724.8
328060.8
262396.8
149472
108864
99792
462326.4
324172.8
611712
281404.8
228700.8
213321.6
605836.8
657936
263260.8
1241568
752112
344390.4
380937.6
257212.8
213580.8
181440
160444.8
159667.2
153964.8
183686.4
540432
310867.2
201398.4
167788.8
147484.8
141436.8
145756.8
155433.6
156902.4
165369.6
168134.4
204249.6
166838.4
163123.2
180662.4
216864
283996.8
242438.4
1385856
859852.8
363830.4
266025.6
285292.8
390096
564537.6
250732.8
175737.6
170467.2
139708.8
148780.8
125971.2
109641.6
105580.8
148348.8
117936
118195.2
280108.8
448848
432345.6
502934.4
441590.4
242524.8
184809.6
784684.8
688608
315100.8
207792
184723.2
153792
1386720
991872
657244.8
825292.8
706406.4
3759264
1477440
481334.4
325641.6
259891.2
204768
178761.6
170899.2
162432
159321.6
156297.6
177638.4
182131.2
148435.2
129254.4
125884.8
121305.6
138672
237945.6
929664
2220480
842227.2
1265760
2757024
590371.2
758505.6
558489.6
371433.6
437529.6
474508.8
424742.4
342835.2
544838.4
297302.4
241056
262915.2
267580.8
217468.8
194918.4
238896
191376
200188.8
194745.6
163468.8
141350.4
130636.8
121478.4
116208
114998.4
111196.8
103334.4
100051.2
102124.8
114480
223689.6
168998.4
795657.6
464227.2
230083.2
426643.2
319766.4
219801.6
170985.6
146534.4
136512
126489.6
116640
108691.2
102556.8
99360
95385.6
91411.2
87177.6
89769.6
107913.6
184809.6
225849.6
695174.4
234489.6
239241.6
526694.4
564192
220665.6
152323.2
127353.6
112406.4
104976
94608
91584
89078.4
84844.8
80524.8
76291.2
74649.6
72316.8
69465.6
67219.2
65664
66268.8
64022.4
61344
59443.2
60220.8
59443.2
59011.2
57110.4
55382.4
54864
54259.2
53308.8
53568
58665.6
85536
241315.2
89683.2
73008
72662.4
67737.6
68947.2
62208
58838.4
57369.6
56073.6
55555.2
53827.2
52617.6
109382.4
261532.8
648950.4
201916.8
108172.8
94003.2
78537.6
79056
78364.8
73267.2
65836.8
60480
56246.4
51926.4
50544
51235.2
50284.8
48729.6
47952
48643.2
48038.4
80006.4
88214.4
91065.6
62121.6
52099.2
48729.6
46224
76464
87177.6
64195.2
115862.4
101606.4
253411.2
129168
81820.8
67132.8
60480
55641.6
51408
50976
47260.8
45446.4
43632
41904
42249.6
47779.2
47779.2
46656
133401.6
116640
132451.2
73353.6
56073.6
48816
45705.6
496800
1327104
265420.8
261014.4
653356.8
229478.4
138153.6
102729.6
82166.4
71539.2
67392
61171.2
59097.6
56937.6
52963.2
50803.2
56592
101865.6
73008
95385.6
83721.6
875232
1003104
379382.4
178243.2
297475.2
961632
395971.2
301881.6
207014.4
149212.8
139881.6
118195.2
144201.6
121132.8
129427.2
206582.4
122515.2
93312
90201.6
88214.4
376531.2
507254.4
252979.2
144547.2
112924.8
97200
87177.6
89337.6
160963.2
155952
119923.2
825379.2
212803.2
140140.8
120528
129081.6
170726.4
718416
238204.8
134611.2
104544
629510.4
577238.4
306720
254707.2
266544
535248
249091.2
163555.2
135216
119318.4
109209.6
97804.8
91670.4
84844.8
80611.2
82771.2
116640
115344
93484.8
214099.2
204422.4
140140.8
116553.6
136684.8
192412.8
130636.8
272764.8
162000
123984
105926.4
95904
551059.2
380246.4
203558.4
159494.4
249609.6
196732.8
147139.2
124675.2
134265.6
130550.4
123897.6
116985.6
107136
115776
162000
184377.6
129600
207360
173750.4
124329.6
106099.2
98755.2
98841.6
95385.6
91756.8
104198.4
198115.2
121996.8
105840
96249.6
89856
85276.8
87436.8
83894.4
80006.4
78969.6
78364.8
77673.6
258336
325209.6
626313.6
697507.2
258076.8
1318464
973728
761356.8
369273.6
376444.8
284169.6
214963.2
271814.4
461548.8
1827360
432777.6
287366.4
438393.6
450748.8
672710.4
443059.2
269395.2
245980.8
201916.8
172886.4
377913.6
355190.4
460944
290217.6
393379.2
372556.8
510796.8
430704
347932.8
687398.4
472953.6
564710.4
527299.2
543888
328492.8
1118016
624153.6
454896
273888
232329.6
193622.4
176947.2
162259.2
152668.8
155088
136598.4
127958.4
117417.6
109468.8
108432
136166.4
180921.6
227232
238896
163728
137203.2
172195.2
248572.8
245116.8
164678.4
135475.2
125280
120009.6
111628.8
103939.2
96163.2
91929.6
94089.6
96595.2
96422.4
87091.2
83376
152236.8
126748.8
116294.4
123120
118022.4
110332.8
102124.8
96422.4
93398.4
218332.8
119836.8
110851.2
154828.8
756950.4
246153.6
172627.2
123292.8
108604.8
105062.4
104803.2
97459.2
90028.8
86572.8
86486.4
108432
100828.8
90720
205027.2
117676.8
120268.8
116467.2
95904
87782.4
82684.8
78969.6
76204.8
85276.8
110246.4
83462.4
74304
71452.8
68947.2
66787.2
65577.6
64540.8
62899.2
61603.2
60220.8
59270.4
58492.8
57542.4
57456
56592
57715.2
95990.4
103075.2
90633.6
99792
105235.2
81993.6
79228.8
318470.4
203990.4
236649.6
139190.4
104716.8
87523.2
80352
200361.6
119318.4
137808
136425.6
231552
278380.8
181872
162172.8
149472
677894.4
278121.6
170208
157075.2
172368
132105.6
112924.8
101692.8
94867.2
86486.4
80524.8
78451.2
93657.6
92880
1607040
1120608
401760
247622.4
234835.2
180835.2
139449.6
137289.6
209865.6
192153.6
137030.4
113702.4
99705.6
89769.6
83203.2
77673.6
72576
69984
68169.6
68515.2
69292.8
91411.2
83548.8
71539.2
67910.4
65318.4
74995.2
222220.8
121564.8
1434240
1016928
824256
357523.2
206841.6
150681.6
123033.6
143510.4
1365984
651110.4
260668.8
176601.6
140918.4
162950.4
444268.8
670550.4
682387.2
309916.8
209865.6
181785.6
1059264
434419.2
249782.4
231379.2
195177.6
164592
267321.6
193881.6
1037664
860544
398217.6
689731.2
1176768
1797120
565920
315878.4
242956.8
203126.4
172022.4
156988.8
267321.6
217555.2
151545.6
128044.8
117849.6
446601.6
292550.4
177379.2
136857.6
119664
109900.8
108086.4
128044.8
116380.8
150336
156297.6
109123.2
664934.4
2070144
568080
280713.6
184896
146707.2
125884.8
114393.6
106704
103766.4
95385.6
255830.4
175219.2
383788.8
648777.6
381801.6
241401.6
175651.2
200361.6
182563.2
275702.4
381369.6
269654.4
592790.4
330566.4
415670.4
298166.4
186537.6
159148.8
144460.8
123465.6
111456
101001.6
95817.6
95990.4
94089.6
91670.4
251337.6
205113.6
130377.6
110678.4
118022.4
98236.8
93225.6
99273.6
105148.8
86918.4
787449.6
341712
159321.6
126921.6
1128384
2063232
846115.2
353635.2
284515.2
205632
268012.8
214444.8
869184
465264
241574.4
188265.6
156211.2
137376
127180.8
118108.8
112060.8
306028.8
883872
234144
196905.6
194659.2
547516.8
1506816
466387.2
275184
236476.8
191721.6
167875.2
192844.8
186537.6
166147.2
153187.2
146361.6
170726.4
155952
140054.4
879552
296870.4
254707.2
222739.2
182304
155001.6
172627.2
163382.4
168825.6
351302.4
254361.6
168912
149558.4
658281.6
795484.8
377481.6
230515.2
200966.4
216000
453945.6
394156.8
233971.2
896832
434592
330393.6
1199232
2798496
1147392
436060.8
294710.4
242438.4
225244.8
186796.8
197424
184982.4
161481.6
484790.4
506476.8
517104
448243.2
277516.8
215481.6
188179.2
168134.4
998784
467078.4
291081.6
237081.6
202521.6
273801.6
2701728
846115.2
1108512
823046.4
577843.2
484272
740448
669081.6
784252.8
580348.8
642643.2
1362528
396662.4
447811.2
522028.8
427507.2
400982.4
339206.4
417484.8
320976
244339.2
202521.6
188265.6
171763.2
160617.6
188179.2
165369.6
144028.8
135820.8
129686.4
130723.2
127958.4
138931.2
131673.6
128736
127612.8
139708.8
908064
1924128
1760832
1713312
629510.4
1092960
454118.4
291427.2
254534.4
289353.6
477187.2
445392
239932.8
201830.4
191721.6
190166.4
176947.2
149472
363657.6
474768
253929.6
195004.8
176169.6
144460.8
131068.8
127094.4
117072
111456
107740.8
108604.8
105408
100915.2
95990.4
93052.8
93052.8
90374.4
90201.6
97632
95126.4
95731.2
106531.2
103420.8
119836.8
100310.4
88387.2
89078.4
87955.2
84585.6
109468.8
158976
464832
603590.4
340848
286243.2
191808
150595.2
126662.4
113788.8
106012.8
102470.4
101433.6
97977.6
100396.8
97200
91324.8
87177.6
87004.8
85276.8
85795.2
91670.4
85795.2
86572.8
86745.6
79401.6
77760
82425.6
85104
101001.6
239328
153014.4
170812.8
1019520
688262.4
176860.8
120096
113616
104630.4
90806.4
100569.6
99705.6
98064
97545.6
87091.2
80265.6
72144
69292.8
66441.6
72748.8
95299.2
74044.8
68860.8
64281.6
64022.4
99964.8
129686.4
84067.2
76550.4
100396.8
78278.4
101692.8
169948.8
141955.2
807580.8
255484.8
756864
354326.4
161049.6
118713.6
105926.4
89596.8
79920
81043.2
81907.2
78105.6
100569.6
82166.4
70156.8
64800
61862.4
59356.8
57196.8
55814.4
54086.4
53308.8
55296
52531.2
51321.6
52444.8
52272
54691.2
88214.4
66873.6
57110.4
52704
49507.2
47952
48816
50371.2
104716.8
82252.8
57715.2
51753.6
51321.6
57196.8
53913.6
49248
49593.6
47692.8
47692.8
47001.6
45619.2
43113.6
42336
41644.8
40953.6
40953.6
40694.4
40262.4
39571.2
39225.6
38620.8
38448
38188.8
37929.6
37497.6
37843.2
37756.8
37497.6
41212.8
60652.8
76032
50198.4
46569.6
191030.4
102556.8
68342.4
57369.6
131241.6
73094.4
54691.2
61948.8
978912
187920
93398.4
67910.4
58492.8
52272
49507.2
47088
44928
43891.2
47520
49766.4
96854.4
103766.4
61603.2
50544
49161.6
48816
52272
85363.2
66873.6
55036.8
48556.8
46483.2
44841.6
43977.6
42854.4
41385.6
40780.8
40348.8
39744
39657.6
552787.2
352512
109123.2
84326.4
75081.6
63072
58665.6
58924.8
57974.4
116726.4
94953.6
66700.8
57456
61516.8
58579.2
51667.2
49075.2
47001.6
46742.4
47001.6
45964.8
46828.8
45273.6
42854.4
41731.2
41644.8
41904
46051.2
113702.4
80784
58492.8
67564.8
72316.8
58406.4
50371.2
47606.4
46742.4
46828.8
47779.2
56332.8
500688
335232
131155.2
190339.2
165110.4
486432
685411.2
264988.8
145238.4
963360
451699.2
708912
306288
164073.6
147398.4
158457.6
132969.6
272419.2
218678.4
136512
113184
109123.2
96163.2
90892.8
83894.4
77241.6
85276.8
81907.2
74476.8
73699.2
67392
65664
66528
141436.8
97027.2
201916.8
773452.8
205372.8
136512
112924.8
98064
101174.4
103680
86227.2
84067.2
76464
72057.6
69120
67824
70416
217555.2
117676.8
96768
98496
125020.8
90460.8
78278.4
81993.6
105926.4
291686.4
629251.2
788745.6
220320
427680
435801.6
1347840
2983392
1084320
2765664
1626048
549763.2
431740.8
2800224
540864
473644.8
1981152
704160
1126656
911520
838944
436492.8
702000
688867.2
1372032
885600
353980.8
356400
288748.8
221961.6
217123.2
242524.8
295920
235699.2
216691.2
337824
587520
272937.6
550368
486086.4
306806.4
273542.4
925344
1292544
669600
624844.8
595641.6
327369.6
674265.6
1475712
659750.4
347500.8
373507.2
959040
409190.4
403056
961632
526694.4
278294.4
324777.6
691632
695088
991872
1508544
420249.6
303004.8
337132.8
277430.4
407462.4
550972.8
438825.6
1830816
1075680
472694.4
385430.4
631065.6
289958.4
268444.8
525225.6
351302.4
223344
183340.8
730857.6
1001376
269136
232502.4
266025.6
186105.6
159062.4
144547.2
136252.8
125971.2
117936
111801.6
112579.2
104371.2
427161.6
334540.8
298944
185673.6
140659.2
124502.4
117331.2
120700.8
124588.8
157852.8
127094.4
115862.4
381283.2
189475.2
205200
215654.4
165628.8
490233.6
416966.4
237340.8
164505.6
138412.8
121910.4
111628.8
103507.2
96595.2
90028.8
86313.6
84153.6
80179.2
77328
75600
73699.2
74822.4
73008
74908.8
100742.4
132019.2
97977.6
118627.2
93657.6
122342.4
194745.6
110937.6
89769.6
84412.8
81475.2
76982.4
183600
153446.4
101779.2
728956.8
287971.2
328752
215654.4
148608
111974.4
94780.8
84067.2
77587.2
72662.4
69724.8
67305.6
113270.4
88646.4
87264
191462.4
124675.2
86486.4
124675.2
137808
92188.8
76464
69033.6
66096
64195.2
214272
258768
138499.2
117158.4
119318.4
208224
242784
119923.2
87523.2
78969.6
74131.2
71539.2
66441.6
62553.6
60134.4
57628.8
55641.6
54259.2
53308.8
52444.8
53654.4
52012.8
51062.4
50371.2
50889.6
51148.8
49420.8
48124.8
47174.4
47520
55468.8
66700.8
52444.8
49680
74736
60048
50112
46828.8
46656
47952
45878.4
47433.6
46051.2
45964.8
43718.4
45446.4
44928
43286.4
41990.4
41472
41385.6
41126.4
44582.4
52531.2
46656
43891.2
43027.2
42940.8
44841.6
48297.6
49248
46224
45619.2
56937.6
62208
657158.4
182995.2
113788.8
124761.6
77414.4
73008
196992
147657.6
79401.6
70156.8
55468.8
47865.6
43804.8
45273.6
42249.6
42076.8
40867.2
38016
36115.2
34992
36806.4
49939.2
50025.6
39830.4
38016
36288
34300.8
33782.4
33350.4
33436.8
32659.2
31968
31449.6
30585.6
30499.2
30499.2
30153.6
31276.8
32486.4
35078.4
32572.8
31968
31708.8
31708.8
31017.6
29808
29808
29894.4
29030.4
29462.4
28944
29116.8
28857.6
28339.2
28512
28080
708480
1360800
189993.6
851126.4
231465.6
139968
287798.4
212025.6
156038.4
108777.6
87350.4
74649.6
66182.4
64108.8
70588.8
184032
386121.6
177984
223862.4
122428.8
113702.4
154915.2
120960
125020.8
465091.2
1441152
336009.6
200188.8
159321.6
184291.2
219283.2
409449.6
1534464
542505.6
292636.8
254880
204768
192758.4
151632
143337.6
360892.8
273024
975456
336528
229651.2
539568
320803.2
261878.4
218592
175824
227664
211939.2
152236.8
131155.2
156902.4
154310.4
142646.4
138844.8
123292.8
113616
117936
102729.6
98409.6
92361.6
89337.6
163641.6
164073.6
1234656
1064448
621993.6
377913.6
345859.2
1438560
351302.4
268099.2
325641.6
340934.4
295488
222048
448761.6
884736
439516.8
284169.6
236044.8
195264
177811.2
164160
139881.6
177724.8
185932.8
1537920
734486.4
353635.2
228873.6
209433.6
361670.4
1063584
741312
914976
1111968
815529.6
1431648
475027.2
1217376
1816128
552182.4
320025.6
254620.8
216777.6
196300.8
176601.6
162432
312249.6
243388.8
217123.2
233625.6
186019.2
528508.8
255225.6
198892.8
194054.4
163728
140486.4
127094.4
122342.4
122428.8
140745.6
129168
126057.6
162518.4
167184
149731.2
147916.8
150422.4
156902.4
132883.2
160963.2
124070.4
119836.8
257385.6
158198.4
124675.2
205459.2
296179.2
243216
187920
721353.6
217814.4
840585.6
525139.2
249177.6
186105.6
176342.4
158630.4
141523.2
236649.6
284169.6
181958.4
156124.8
238636.8
714182.4
549244.8
253584
189475.2
168998.4
152668.8
138931.2
125107.2
115689.6
105667.2
99532.8
96336
95731.2
96336
117849.6
96854.4
174182.4
217123.2
302745.6
275443.2
155001.6
122947.2
185155.2
146361.6
117849.6
101692.8
92534.4
86572.8
81820.8
77500.8
77500.8
251683.2
141350.4
104198.4
96336
84153.6
76636.8
71366.4
68860.8
66700.8
63331.2
61776
60480
60652.8
122774.4
84758.4
70588.8
75168
133660.8
125020.8
89510.4
73958.4
541641.6
199584
244080
262656
162345.6
186883.2
574473.6
209606.4
500601.6
316310.4
168998.4
125193.6
103593.6
92016
85708.8
149817.6
142646.4
104803.2
88128
79228.8
70675.2
66441.6
62985.6
59356.8
64540.8
72316.8
62899.2
58924.8
69033.6
218937.6
169084.8
85881.6
67219.2
60134.4
66355.2
67392
55814.4
52704
49248
46742.4
45360
45446.4
47347.2
45014.4
44064
43200
41731.2
41299.2
45360
50976
51926.4
47347.2
43372.8
42854.4
43977.6
41212.8
45360
49334.4
42595.2
39225.6
38361.6
40780.8
80697.6
51667.2
43372.8
65664
63676.8
61862.4
48297.6
47692.8
84585.6
98064
102470.4
58838.4
49852.8
330739.2
113788.8
156297.6
89942.4
79315.2
78278.4
61084.8
50976
58147.2
87696
385516.8
677721.6
292982.4
184118.4
124934.4
181180.8
101260.8
79660.8
76291.2
68342.4
61430.4
56246.4
49420.8
46742.4
46656
44841.6
41904
41731.2
261100.8
145670.4
77673.6
58752
54604.8
51580.8
48988.8
49248
133574.4
173923.2
104630.4
67910.4
56160
120009.6
106790.4
213235.2
97891.2
65318.4
54432
49766.4
47174.4
44323.2
42681.6
39657.6
38361.6
38016
37238.4
35856
34819.2
57369.6
58060.8
50889.6
68860.8
53136
45100.8
42940.8
38534.4
39225.6
52444.8
50371.2
44496
54864
50544
43286.4
38880
37497.6
36979.2
36028.8
35510.4
34732.8
34732.8
34646.4
38707.2
63072
66614.4
58492.8
44928
39744
38016
38448
43977.6
43113.6
39744
38448
37929.6
36892.8
36288
35769.6
50544
54345.6
43459.2
73440
64108.8
47779.2
42249.6
50284.8
116726.4
97891.2
119577.6
92361.6
66960
57628.8
82857.6
73267.2
67392
343353.6
1009152
1003968
574732.8
679536
672710.4
456278.4
1024704
1577664
578966.4
550540.8
1159488
371088
249436.8
205632
256953.6
315532.8
254016
169862.4
140832
330480
1238112
846460.8
423273.6
612921.6
504576
2603232
2515104
5738688
2050272
629856
478656
1493856
805939.2
460080
580262.4
422064
389836.8
307238.4
289872
407289.6
754876.8
985824
1277856
952128
2805408
942624
1238976
1954368
3640032
747100.8
440467.2
369532.8
460252.8
657676.8
442972.8
707702.4
1313280
1647648
2447712
1181952
1607040
537667.2
1503360
1175904
492566.4
491011.2
388972.8
333936
273628.8
239673.6
221788.8
230688
299894.4
277171.2
286156.8
1305504
380678.4
430358.4
537148.8
3276288
2598048
662947.2
1157760
470707.2
465955.2
766108.8
358992
257817.6
257040
391478.4
517881.6
892512
966816
389059.2
267494.4
215308.8
192672
232329.6
203731.2
174441.6
436752
901152
292982.4
362016
325036.8
236736
189475.2
160099.2
146880
138240
133142.4
124243.2
116899.2
115689.6
295747.2
172886.4
141868.8
399340.8
905472
357609.6
218073.6
228441.6
259891.2
199411.2
168912
160790.4
136771.2
122947.2
115171.2
113356.8
108691.2
104457.6
99532.8
96163.2
92361.6
89683.2
87350.4
87696
84153.6
177552
310176
217987.2
133142.4
112665.6
99705.6
231379.2
328579.2
176342.4
153273.6
192240
175996.8
178761.6
168566.4
151632
211766.4
135907.2
217468.8
393465.6
372816
371606.4
250560
180403.2
143078.4
119232
106876.8
98928
93484.8
89769.6
86313.6
83635.2
81734.4
80092.8
84758.4
244425.6
195696
174614.4
252288
137376
102988.8
91584
86486.4
82857.6
79920
74044.8
71366.4
69120
67132.8
65491.2
63763.2
62121.6
61257.6
60566.4
61257.6
62380.8
62985.6
64368
62812.8
58752
56937.6
58665.6
77846.4
72662.4
67996.8
64195.2
61862.4
60566.4
62035.2
60048
57628.8
57196.8
55641.6
63936
343699.2
91843.2
70416
66268.8
67737.6
81043.2
79488
76550.4
70156.8
82944
106790.4
92966.4
77932.8
141696
80352
65491.2
59788.8
57369.6
57110.4
57110.4
56073.6
54777.6
75686.4
82512
92102.4
76464
63763.2
130204.8
155260.8
84499.2
86486.4
81043.2
97113.6
257817.6
139968
91238.4
72835.2
69984
62985.6
66009.6
59270.4
55641.6
53740.8
137116.8
83721.6
62035.2
56246.4
54864
54518.4
64281.6
114220.8
74044.8
110332.8
73267.2
60134.4
54604.8
53395.2
132019.2
131155.2
74563.2
59356.8
58147.2
61603.2
55814.4
70761.6
250905.6
102816
97286.4
71712
61344
55382.4
52185.6
50025.6
51494.4
150595.2
110073.6
69724.8
349833.6
340416
108000
81648
70588.8
106790.4
79660.8
64972.8
60912
60480
69811.2
70070.4
89942.4
76204.8
65318.4
63158.4
111801.6
549590.4
262483.2
111715.2
82252.8
72835.2
90547.2
82944
81216
70761.6
64540.8
61603.2
58924.8
65145.6
145238.4
86054.4
70243.2
83980.8
79833.6
73353.6
86227.2
139449.6
88560
73008
65145.6
60480
57628.8
55555.2
53913.6
53740.8
53136
52617.6
52272
53395.2
54000
62812.8
84153.6
94089.6
90028.8
257817.6
483408
141004.8
215222.4
137980.8
117676.8
134611.2
117072
103852.8
91238.4
84153.6
94089.6
82944
76896
73958.4
75168
68601.6
65145.6
87091.2
144460.8
1014336
387331.2
177984
135907.2
131155.2
115344
198892.8
186969.6
213235.2
152323.2
211593.6
207619.2
142300.8
114912
101952
817516.8
2059776
386294.4
211420.8
158803.2
136944
145324.8
128131.2
111456
104371.2
97891.2
90720
85795.2
81302.4
76896
79488
116812.8
112406.4
118713.6
107222.4
87955.2
80006.4
78192
77500.8
74044.8
72576
70416
72316.8
70934.4
71107.2
150249.6
115776
1287360
435456
402192
293673.6
184723.2
142300.8
121910.4
109382.4
132451.2
225158.4
154051.2
129686.4
116899.2
99360
96336
93830.4
90028.8
165110.4
124329.6
103680
93830.4
83548.8
123465.6
443491.2
207619.2
140659.2
117417.6
103334.4
95731.2
89769.6
85881.6
80784
78969.6
84412.8
77414.4
70848
104630.4
105148.8
89596.8
131587.2
147139.2
108777.6
91670.4
243561.6
149472
138499.2
282614.4
167875.2
123033.6
107308.8
903744
364176
294537.6
231206.4
181872
165974.4
125884.8
138326.4
136771.2
117072
144374.4
227491.2
1219968
389750.4
864864
1235520
752976
479779.2
346636.8
248572.8
311472
528508.8
307756.8
230860.8
216259.2
274233.6
243993.6
171849.6
160272
158544
132019.2
121651.2
109036.8
110505.6
169344
227923.2
333158.4
225849.6
148953.6
1055808
656899.2
275184
182822.4
145065.6
125366.4
115430.4
178070.4
630460.8
424656
467510.4
232243.2
157420.8
128736
112147.2
103075.2
96940.8
91238.4
86400
81043.2
77155.2
75340.8
72144
70848
68601.6
73094.4
70243.2
66441.6
63849.6
62726.4
61516.8
60134.4
59443.2
63417.6
62121.6
61084.8
59184
57628.8
55814.4
54604.8
53222.4
52444.8
51408
50025.6
49334.4
49248
49248
48470.4
47779.2
47692.8
47260.8
46915.2
47260.8
46656
49507.2
114998.4
74044.8
56764.8
51667.2
69638.4
71366.4
59875.2
54345.6
49248
46569.6
44150.4
48384
45964.8
44323.2
43891.2
41644.8
40608
41817.6
40262.4
39312
50889.6
1260576
544752
350092.8
193968
147916.8
114652.8
107827.2
77328
65404.8
61948.8
57456
52876.8
48211.2
45446.4
43286.4
43545.6
43459.2
43113.6
42336
40348.8
41472
50716.8
51408
375494.4
314150.4
133228.8
78710.4
62726.4
486432
217296
114048
88646.4
76809.6
61689.6
67824
77760
60220.8
52531.2
48988.8
50112
50198.4
44841.6
42076.8
44668.8
47347.2
43804.8
57801.6
154310.4
124416
68688
87609.6
96854.4
123120
85622.4
69638.4
115084.8
132710.4
87696
256089.6
110332.8
82425.6
85708.8
129600
83203.2
62726.4
53827.2
51235.2
61257.6
57801.6
61603.2
222652.8
88646.4
87696
242438.4
102902.4
71193.6
59702.4
54691.2
52444.8
48729.6
47779.2
52704
50198.4
49939.2
45619.2
43804.8
42854.4
43891.2
40608
39744
40262.4
45446.4
42508.8
60825.6
89251.2
61257.6
120096
141264
86486.4
212284.8
144115.2
114220.8
172713.6
312681.6
179020.8
102988.8
81475.2
81734.4
73180.8
65491.2
65318.4
188870.4
121910.4
122515.2
202867.2
109900.8
175910.4
143164.8
177638.4
107913.6
199843.2
329270.4
125712
97286.4
81129.6
73008
75168
293155.2
143337.6
496108.8
243043.2
182217.6
284083.2
339292.8
185328
286416
404697.6
212025.6
179280
127699.2
118540.8
124502.4
98323.2
85363.2
80956.8
74044.8
69552
73958.4
75168
71280
67132.8
65491.2
61862.4
59356.8
64108.8
61862.4
75081.6
68601.6
61257.6
58147.2
54604.8
55555.2
54604.8
58147.2
59616
58579.2
58838.4
150854.4
230342.4
1829088
654220.8
243907.2
157334.4
125625.6
143596.8
119059.2
103507.2
90720
86572.8
105148.8
115344
93830.4
85622.4
238896
492220.8
158112
109468.8
95817.6
99532.8
84240
140745.6
120528
117158.4
90720
123120
106358.4
134956.8
150249.6
108604.8
91152
89078.4
235094.4
1338336
620611.2
258595.2
163123.2
140313.6
401155.2
614390.4
