246153.6
238464
223862.4
243302.4
217123.2
211766.4
230169.6
259545.6
294019.2
243475.2
220579.2
249436.8
270172.8
265593.6
396489.6
1547424
1035072
1583712
978048
955584
850867.2
1166400
1462752
1302048
960768
898560
2865888
1378944
1010880
638928
538790.4
447379.2
467856
359769.6
334195.2
792115.2
912384
675216
571017.6
490406.4
418780.8
365817.6
364694.4
367027.2
334195.2
422928
343612.8
283046.4
257817.6
237686.4
219369.6
204336
191203.2
182649.6
194659.2
436665.6
1391904
729561.6
542937.6
454982.4
374025.6
332553.6
297475.2
339897.6
430444.8
454464
408758.4
388022.4
346032
420163.2
564364.8
501811.2
524188.8
575683.2
338083.2
380937.6
355622.4
263088
223689.6
200016
206236.8
196560
190684.8
265507.2
728611.2
317001.6
291513.6
665539.2
1791936
1239840
1095552
1117152
1923264
1716768
4228416
2200608
956448
713059.2
567302.4
470275.2
400723.2
347500.8
308966.4
278726.4
252115.2
229651.2
212976
204163.2
190684.8
174787.2
162432
156124.8
153878.4
146880
147657.6
137462.4
130204.8
128044.8
121910.4
118540.8
114134.4
108518.4
104025.6
100828.8
104976
115516.8
104716.8
96681.6
95558.4
92016
89424
87350.4
87609.6
108604.8
98755.2
89769.6
83289.6
78796.8
76291.2
74908.8
149299.2
101174.4
84412.8
81907.2
80697.6
90892.8
87782.4
85881.6
81907.2
92534.4
85190.4
85622.4
81302.4
77500.8
75772.8
85104
91756.8
91152
101260.8
110505.6
100051.2
90460.8
85276.8
86832
86745.6
84326.4
83289.6
82166.4
77500.8
63763.2
56160
51667.2
48902.4
47433.6
46828.8
46310.4
46137.6
46224
45532.8
45792
43977.6
48211.2
54777.6
45187.2
50976
49334.4
45446.4
46828.8
42508.8
44236.8
52876.8
48470.4
43804.8
42681.6
140227.2
130723.2
137203.2
88041.6
70329.6
71366.4
89596.8
254966.4
126748.8
88300.8
73872
67305.6
63590.4
59529.6
56764.8
54000
54432
54086.4
54518.4
56246.4
52012.8
49507.2
47865.6
50112
50025.6
47347.2
50025.6
55209.6
53049.6
59616
74649.6
60912
52185.6
50284.8
54345.6
49939.2
48124.8
76377.6
63158.4
54604.8
57110.4
57628.8
50976
47433.6
45619.2
43632
44928
43804.8
42076.8
41558.4
40867.2
40003.2
39657.6
38966.4
38793.6
244080
174528
91756.8
73785.6
74995.2
63072
70675.2
82166.4
66614.4
56419.2
51235.2
49248
59184
69552
58924.8
63936
848188.8
524880
179366.4
126057.6
108950.4
111024
992736
399168
645753.6
373593.6
283737.6
230256
205804.8
303350.4
205804.8
172454.4
158371.2
144028.8
131846.4
123206.4
116726.4
111110.4
107827.2
102988.8
99100.8
116121.6
125539.2
112924.8
104803.2
438566.4
983232
360633.6
265334.4
270691.2
235612.8
205113.6
238550.4
192153.6
163814.4
182304
258249.6
212025.6
393292.8
341539.2
500601.6
488592
833760
949536
532310.4
634348.8
526176
429667.2
731203.2
473299.2
384739.2
341798.4
317606.4
299116.8
304732.8
726710.4
849830.4
554601.6
420940.8
352771.2
310953.6
285120
268704
259718.4
251769.6
254707.2
254620.8
289958.4
254966.4
246240
271987.2
280195.2
437875.2
356745.6
3868128
2410560
946944
638841.6
582854.4
697939.2
983232
513043.2
401328
345254.4
297302.4
329270.4
376531.2
350697.6
426988.8
455587.2
470188.8
260841.6
215136
369792
781401.6
1658880
1078272
564192
453859.2
613526.4
588729.6
401500.8
336096
311817.6
268099.2
555552
921024
686707.2
2641248
1933632
1950912
1021248
633916.8
522288
441504
367891.2
322358.4
300153.6
278985.6
262915.2
251769.6
238550.4
232675.2
208483.2
192326.4
182217.6
174700.8
168393.6
179193.6
545529.6
1166400
695779.2
838857.6
2147040
829353.6
1074816
866592
683337.6
871776
593222.4
548985.6
610416
1187136
625968
603849.6
590371.2
581731.2
499305.6
522115.2
750297.6
467596.8
401414.4
368496
317347.2
281145.6
257040
238032
224035.2
211161.6
196214.4
183600
173836.8
175996.8
196128
215308.8
273801.6
564537.6
488505.6
446688
1457568
663897.6
495072
390355.2
329184
292464
256003.2
230688
212544
198115.2
189129.6
177465.6
165888
155865.6
149990.4
155779.2
204595.2
162950.4
168134.4
145238.4
143424
157766.4
162691.2
133228.8
121046.4
115171.2
110419.2
106272
100224
99705.6
97804.8
95040
90720
87004.8
86140.8
84585.6
81820.8
79056
77414.4
79401.6
76723.2
72489.6
70243.2
68688
67910.4
67046.4
64627.2
62812.8
61603.2
60912
59875.2
60480
89078.4
255571.2
585619.2
176688
134870.4
117676.8
105062.4
101001.6
92880
88560
84240
81043.2
77328
71971.2
69465.6
77068.8
87609.6
99446.4
88560
77587.2
78019.2
74908.8
70934.4
65577.6
62294.4
59097.6
56592
52531.2
48297.6
44841.6
54432
52790.4
47088
50630.4
43718.4
41990.4
103766.4
112492.8
113961.6
69897.6
59702.4
56592
54172.8
80352
81907.2
68774.4
134956.8
170208
160531.2
109641.6
89683.2
89942.4
82684.8
77068.8
64713.6
59270.4
56937.6
55123.2
51667.2
42422.4
38102.4
62726.4
57715.2
53395.2
672019.2
368496
309052.8
157161.6
112060.8
92707.2
83980.8
1013472
815270.4
389491.2
383616
507772.8
242006.4
186537.6
156643.2
134438.4
119664
109036.8
100310.4
97891.2
92102.4
85017.6
81907.2
87350.4
805248
306806.4
728870.4
369964.8
1118880
1294272
693446.4
426384
1672704
3392064
1225152
853718.4
575683.2
442368
524448
405388.8
561254.4
510019.2
368323.2
318470.4
271900.8
242956.8
228355.2
207014.4
264556.8
450921.6
695692.8
523152
338342.4
281059.2
248659.2
232416
249523.2
224812.8
220147.2
267494.4
208310.4
188352
196819.2
201916.8
183859.2
314150.4
206236.8
168825.6
152323.2
928800
653529.6
678585.6
587433.6
525744
431481.6
346204.8
290649.6
258163.2
239760
218419.2
198115.2
183772.8
172972.8
162864
170553.6
939168
365990.4
262656
240451.2
280195.2
229219.2
342403.2
357609.6
310003.2
254016
343353.6
276393.6
243648
227491.2
211680
1133568
552873.6
372124.8
366854.4
357868.8
292636.8
262137.6
238982.4
288144
249264
216518.4
197164.8
197337.6
192067.2
200361.6
195782.4
179712
226540.8
207792
179884.8
164246.4
157420.8
157939.2
155692.8
150249.6
209260.8
304819.2
198460.8
180230.4
170726.4
162259.2
157420.8
153014.4
145584
141091.2
138153.6
158544
152582.4
213062.4
369360
325728
473299.2
291513.6
666921.6
1145664
1086048
579052.8
486777.6
412646.4
348451.2
323049.6
365817.6
852336
478742.4
457747.2
757209.6
574300.8
558662.4
495849.6
397094.4
360633.6
318729.6
287020.8
548121.6
528854.4
712800
487123.2
434592
381024
354585.6
351734.4
311817.6
398044.8
321148.8
465696
557020.8
399427.2
341798.4
425865.6
592185.6
504403.2
384480
338169.6
303523.2
278121.6
256780.8
240969.6
240710.4
216172.8
205977.6
188956.8
175046.4
178070.4
197942.4
210124.8
230256
264988.8
222307.2
189302.4
221529.6
327283.2
359424
263606.4
227145.6
213062.4
206323.2
192672
180144
167270.4
160444.8
163728
163123.2
159667.2
151027.2
145584
261014.4
249350.4
247881.6
277171.2
233107.2
201916.8
180662.4
170294.4
166492.8
174009.6
151718.4
154224
150163.2
153014.4
145584
138240
131500.8
128563.2
127699.2
123552
119145.6
116035.2
116640
120182.4
193363.2
162259.2
147052.8
138931.2
126748.8
121132.8
114652.8
110937.6
107740.8
105667.2
103939.2
102470.4
109900.8
116380.8
102556.8
97200
94780.8
91497.6
89769.6
89078.4
87868.8
85622.4
83721.6
82339.2
80697.6
79228.8
78796.8
78624
77932.8
78969.6
121824
121824
194486.4
260323.2
202262.4
133401.6
129513.6
1371168
586915.2
354412.8
258336
221702.4
191894.4
173923.2
202003.2
175996.8
188784
364003.2
471225.6
402278.4
272592
494035.2
631152
1084320
586828.8
438480
349488
324172.8
268272
233193.6
211593.6
195955.2
179539.2
168566.4
165024
169344
156211.2
883872
861062.4
452563.2
329961.6
279158.4
273456
225331.2
283219.2
453772.8
309830.4
230083.2
201312
181612.8
166924.8
156038.4
145497.6
136598.4
130118.4
124416
123379.2
138672
356659.2
250905.6
167097.6
146275.2
133228.8
134352
494035.2
439516.8
1261440
860198.4
591408
394156.8
308534.4
258163.2
226454.4
409536
1437696
806284.8
440553.6
342576
284515.2
733968
1555200
607737.6
495331.2
380332.8
400896
468806.4
1066176
593568
433382.4
370051.2
360806.4
316915.2
854409.6
486000
814579.2
2260224
781660.8
1137024
1080864
956448
615945.6
500342.4
427420.8
352684.8
307584
420940.8
1610496
680313.6
453945.6
363657.6
317952
308880
314582.4
277171.2
240710.4
218419.2
211248
194832
180316.8
172454.4
177638.4
162432
149126.4
205286.4
818812.8
484012.8
340588.8
232588.8
197424
176860.8
164764.8
160012.8
160876.8
144460.8
608688
381715.2
754099.2
384566.4
341366.4
293068.8
234662.4
214790.4
200620.8
202262.4
432691.2
256003.2
264470.4
265507.2
881280
454636.8
301622.4
255398.4
220060.8
197510.4
177465.6
162604.8
155347.2
148003.2
140572.8
140400
285379.2
236908.8
164851.2
148003.2
137721.6
126403.2
122428.8
130204.8
123897.6
113443.2
762220.8
443750.4
244252.8
201312
1371168
4571424
1409184
734313.6
523411.2
398995.2
362188.8
293846.4
311212.8
300672
236649.6
214531.2
185414.4
166320
155520
144374.4
136771.2
2263680
2702592
654393.6
523497.6
428025.6
656812.8
1821312
812332.8
609984
485308.8
393120
339811.2
307497.6
278640
257299.2
239414.4
222220.8
273456
220924.8
202176
519350.4
397353.6
413424
289612.8
245376
221097.6
277430.4
235872
207964.8
201657.6
187574.4
171849.6
173664
210470.4
381628.8
263952
217900.8
203731.2
193968
328060.8
372816
276739.2
1408320
614390.4
524448
1192320
2621376
1060128
643593.6
513648
433123.2
390441.6
329529.6
338860.8
319939.2
276393.6
348710.4
609033.6
939168
593481.6
405734.4
338774.4
299635.2
272505.6
946080
677376
435456
376876.8
401328
576892.8
4781376
2268864
2793312
1513728
1116288
783043.2
1020384
986688
1059264
693532.8
589852.8
593654.4
465868.8
582681.6
452217.6
381888
346204.8
318124.8
421977.6
398649.6
310089.6
282009.6
266112
246067.2
232416
230688
213321.6
196646.4
187401.6
181958.4
177724.8
171590.4
169516.8
180835.2
174355.2
170553.6
179539.2
306288
1518912
2032128
2704320
1442880
1387584
825206.4
601862.4
577411.2
534643.2
564278.4
564019.2
409190.4
356572.8
324432
308102.4
286761.6
247881.6
283737.6
822441.6
531014.4
379209.6
326073.6
279072
251769.6
233452.8
212544
196905.6
185241.6
179107.2
171244.8
160185.6
149817.6
143424
138499.2
132796.8
131241.6
125107.2
120614.4
116467.2
127872
165974.4
250128
176860.8
141868.8
135216
134697.6
130464
171936
247449.6
513734.4
676166.4
464486.4
446428.8
377740.8
318124.8
273801.6
239932.8
213580.8
201398.4
195868.8
187142.4
203040
228268.8
219888
214531.2
244080
315014.4
414633.6
391910.4
430617.6
361065.6
338256
295401.6
275356.8
293846.4
279676.8
435456
725760
310176
296179.2
299808
343526.4
259200
199238.4
183081.6
177292.8
161827.2
161222.4
149817.6
141264
134265.6
131155.2
120355.2
110937.6
109468.8
104457.6
115516.8
115776
101088
97113.6
92966.4
95126.4
96940.8
99273.6
96940.8
94694.4
94521.6
92534.4
89942.4
87436.8
83462.4
174528
162432
146361.6
130723.2
98064
89251.2
90288
81129.6
77328
76377.6
75427.2
76377.6
77500.8
70761.6
67305.6
64972.8
63158.4
61689.6
60566.4
59097.6
57801.6
64281.6
61689.6
57283.2
56592
55814.4
52531.2
52531.2
55209.6
52012.8
49507.2
48211.2
46137.6
45532.8
48211.2
52358.4
66787.2
67478.4
53136
48556.8
47779.2
49420.8
45878.4
44064
42508.8
47692.8
47433.6
44409.6
41472
39225.6
37843.2
36806.4
35856
35510.4
35510.4
34387.2
33782.4
33350.4
32572.8
32572.8
32140.8
31276.8
30931.2
31104
31104
31190.4
49075.2
47174.4
57715.2
42508.8
40262.4
207878.4
167961.6
124070.4
90460.8
81648
66009.6
55641.6
53308.8
77500.8
64627.2
52790.4
48297.6
45705.6
43200
42163.2
42163.2
42249.6
40953.6
45014.4
44668.8
44236.8
42595.2
39398.4
38880
40003.2
38793.6
40176
42076.8
40003.2
38188.8
36720
36201.6
35683.2
34905.6
33696
33004.8
33004.8
30326.4
27043.2
30499.2
59443.2
230256
78192
57888
50198.4
47001.6
45273.6
47692.8
45100.8
53308.8
51840
44582.4
41385.6
60134.4
75686.4
56505.6
48038.4
44236.8
43372.8
43027.2
41817.6
41817.6
40694.4
39139.2
38534.4
37756.8
38880
44496
59875.2
57888
48124.8
45360
45100.8
43891.2
41904
39830.4
39657.6
40348.8
40953.6
40348.8
158371.2
453427.2
297993.6
316137.6
237772.8
324777.6
750384
368755.2
228268.8
709862.4
397872
411696
284688
220492.8
197251.2
191376
171158.4
501897.6
495417.6
282787.2
231724.8
201484.8
179107.2
161136
146707.2
132019.2
145238.4
132969.6
122774.4
111196.8
103420.8
98841.6
97027.2
97027.2
91670.4
193363.2
380678.4
200966.4
160444.8
148608
133920
149126.4
139881.6
120441.6
135993.6
119491.2
109987.2
105062.4
104544
113270.4
473904
243043.2
210643.2
232070.4
214963.2
181180.8
163641.6
155174.4
154656
152496
222652.8
367632
235785.6
411350.4
404784
348796.8
1115424
857174.4
2064960
1321920
697593.6
597715.2
1678752
853286.4
593308.8
1889568
892512
1139616
838684.8
879552
612316.8
739238.4
1140480
775440
588384
488592
419817.6
358387.2
323568
298771.2
278553.6
346464
342662.4
330739.2
464313.6
921888
507254.4
439171.2
433382.4
358992
410400
649382.4
716860.8
641520
743904
951264
560044.8
549936
1119744
757814.4
551750.4
506217.6
1221696
677635.2
574905.6
798681.6
601430.4
470880
430012.8
535075.2
574646.4
889920
1366848
690681.6
557712
511833.6
467942.4
668649.6
467856
392515.2
391824
915840
567043.2
497059.2
462931.2
383788.8
352425.6
535075.2
458697.6
343353.6
299721.6
289699.2
386640
290217.6
295401.6
345081.6
267321.6
241401.6
225417.6
213321.6
197683.2
185932.8
174960
171590.4
157507.2
177724.8
200620.8
214963.2
168307.2
149126.4
139536
134524.8
167702.4
157161.6
222307.2
174182.4
157161.6
525312
315187.2
337392
386553.6
296956.8
306806.4
441763.2
323481.6
265248
231724.8
209347.2
191980.8
177552
160963.2
149299.2
143164.8
135648
125971.2
119491.2
115862.4
111283.2
111369.6
108777.6
108172.8
162432
280281.6
161136
144288
126576
180921.6
363398.4
203299.2
156902.4
145411.2
136857.6
127094.4
144460.8
195868.8
186796.8
308188.8
199065.6
170380.8
198633.6
193363.2
149126.4
132537.6
123033.6
115948.8
108777.6
105062.4
100137.6
140054.4
118972.8
108950.4
467683.2
272851.2
166838.4
234748.8
222652.8
154051.2
133401.6
122774.4
116985.6
113529.6
754876.8
531273.6
275097.6
552960
400032
341798.4
553824
303091.2
238204.8
226627.2
211593.6
189561.6
165542.4
148089.6
134784
123206.4
115862.4
109382.4
103852.8
114393.6
113184
100137.6
92793.6
90460.8
88300.8
83980.8
79056
75081.6
73612.8
71193.6
72316.8
70156.8
77068.8
73612.8
112320
80352
67824
63158.4
64281.6
65750.4
61257.6
60393.6
58752
57024
55382.4
53827.2
52185.6
50025.6
48124.8
47260.8
45619.2
43977.6
45964.8
49161.6
45187.2
43459.2
42595.2
43372.8
44409.6
47088
47520
44150.4
42768
69552
52876.8
238550.4
153446.4
517622.4
486259.2
164332.8
116467.2
126057.6
90633.6
77846.4
77328
72230.4
63504
59443.2
69811.2
67219.2
62380.8
57542.4
54777.6
51926.4
50457.6
53740.8
73353.6
69379.2
56160
50025.6
47260.8
45964.8
45187.2
45360
45014.4
43718.4
42249.6
41385.6
40521.6
39916.8
39744
39398.4
39484.8
41817.6
41731.2
40608
40608
40780.8
40176
38793.6
38102.4
38361.6
40435.2
38188.8
36892.8
36288
36460.8
36115.2
35683.2
35337.6
34819.2
664416
1667520
357177.6
820281.6
371692.8
257472
241660.8
214617.6
176860.8
149558.4
145065.6
143596.8
122947.2
126921.6
137721.6
479001.6
322531.2
226454.4
196473.6
166665.6
154656
144028.8
129168
117936
119664
418262.4
248832
195436.8
178329.6
184377.6
193622.4
218592
712540.8
576979.2
535334.4
494380.8
382147.2
337910.4
286156.8
269913.6
507772.8
454291.2
1836864
728870.4
541987.2
1130976
607305.6
642038.4
546998.4
477532.8
518140.8
398908.8
340416
304732.8
287193.6
278553.6
259459.2
259200
233107.2
221443.2
261014.4
207100.8
192499.2
178502.4
175305.6
228873.6
206064
454723.2
722217.6
483580.8
399254.4
354326.4
639964.8
374371.2
380332.8
435974.4
350179.2
345168
301363.2
466732.8
795830.4
464227.2
414460.8
365644.8
315100.8
282787.2
247276.8
223084.8
220492.8
220579.2
337737.6
399772.8
296438.4
247017.6
244080
373680
346550.4
401241.6
537408
748051.2
698112
695088
543974.4
795139.2
889920
531964.8
430876.8
382838.4
328060.8
291859.2
260064
238291.2
377049.6
308361.6
320889.6
315446.4
267235.2
322617.6
271296
248400
259286.4
222998.4
200793.6
187056
177379.2
176515.2
184550.4
181958.4
219542.4
337824
232588.8
195955.2
183600
180057.6
174873.6
164592
160358.4
145756.8
142732.8
145324.8
137289.6
129427.2
145238.4
176774.4
191376
166579.2
274752
196473.6
281664
335491.2
233971.2
203385.6
185068.8
172108.8
163814.4
163468.8
153273.6
145324.8
133401.6
135993.6
543024
523152
303782.4
252374.4
236822.4
217814.4
198028.8
181440
169430.4
155520
149472
141868.8
135475.2
131760
177033.6
150768
247190.4
198892.8
262396.8
283392
199238.4
174873.6
193449.6
175478.4
156729.6
143424
134265.6
128995.2
123897.6
120096
116812.8
127008
114739.2
110505.6
108259.2
101520
96681.6
92966.4
91584
89078.4
85363.2
84067.2
83030.4
84326.4
103766.4
88041.6
86054.4
86572.8
94608
92880
85017.6
81648
560649.6
229132.8
477100.8
579916.8
286675.2
245548.8
437702.4
331171.2
276134.4
234489.6
194918.4
176169.6
161827.2
149040
140745.6
145670.4
137894.4
121305.6
118972.8
111110.4
103593.6
99014.4
93830.4
88992
96681.6
98236.8
91670.4
87523.2
103334.4
146016
142473.6
91584
81302.4
77328
73440
68342.4
66009.6
64454.4
61862.4
59616
58665.6
59616
59875.2
58406.4
57801.6
55468.8
53049.6
51926.4
52444.8
52531.2
53654.4
51580.8
52012.8
54950.4
54950.4
50630.4
52963.2
48988.8
47174.4
45100.8
45014.4
46396.8
231811.2
98841.6
95472
205200
132364.8
93571.2
77500.8
73699.2
69292.8
75168
74476.8
63244.8
61084.8
160272
94521.6
110764.8
107049.6
102297.6
86054.4
69811.2
75772.8
76464
74044.8
201139.2
388540.8
288316.8
136857.6
105840
100656
89424
84412.8
78278.4
72921.6
68601.6
63158.4
59356.8
57715.2
60134.4
57283.2
54950.4
53481.6
72921.6
67392
57542.4
53049.6
55555.2
55728
52790.4
56592
191894.4
225763.2
117504
85622.4
79747.2
77414.4
67132.8
62553.6
58838.4
56678.4
56160
57801.6
54604.8
52272
50803.2
49161.6
47952
48643.2
48556.8
47088
46224
70070.4
61948.8
61948.8
66873.6
56332.8
52272
50889.6
48384
48816
79574.4
74649.6
60652.8
59184
70934.4
56246.4
51494.4
49248
47606.4
46569.6
45878.4
45446.4
45100.8
44841.6
51408
78019.2
65836.8
59443.2
54000
51148.8
52099.2
51148.8
142387.2
96854.4
68774.4
60739.2
57715.2
55123.2
53308.8
53568
57542.4
53395.2
50371.2
52185.6
50630.4
50025.6
49593.6
101260.8
146188.8
100224
90547.2
77673.6
69638.4
66009.6
144806.4
119836.8
110419.2
584668.8
620956.8
460598.4
339465.6
253238.4
300240
605836.8
1305504
2218752
797126.4
847324.8
1226880
645062.4
515808
442108.8
457056
514598.4
424828.8
323654.4
282355.2
332380.8
358732.8
731462.4
481420.8
834796.8
540518.4
1511136
1763424
2073600
1651104
875232
657331.2
595382.4
529891.2
442022.4
423705.6
381456
365472
356572.8
373420.8
350265.6
310867.2
468115.2
854064
572486.4
665884.8
526262.4
701740.8
1170720
4840128
1318464
799718.4
614217.6
869184
598924.8
508377.6
1154304
1254528
2355264
3840480
1801440
1810080
927936
1336608
1758240
963360
1791936
895968
671846.4
539222.4
466300.8
408326.4
414892.8
446256
409536
419040
1094688
511315.2
463622.4
405907.2
978048
2068416
749260.8
758592
578188.8
771638.4
1219968
792979.2
626140.8
588988.8
595987.2
586224
546912
516412.8
459388.8
413078.4
380678.4
357264
431568
383443.2
336182.4
1128384
2274912
796176
869184
736300.8
582163.2
477446.4
406857.6
366768
336960
314064
285552
262656
289440
435283.2
326851.2
313113.6
515808
598492.8
438739.2
363312
325209.6
419385.6
303782.4
267408
256003.2
230428.8
210384
196646.4
187488
179107.2
170467.2
161395.2
153705.6
145843.2
140400
135561.6
133401.6
124588.8
137203.2
153532.8
147139.2
126316.8
117331.2
111110.4
109814.4
114048
115689.6
196473.6
359769.6
223689.6
207705.6
192412.8
191376
178848
157075.2
283305.6
450835.2
394070.4
282355.2
250732.8
227664
193622.4
168825.6
156124.8
146275.2
139276.8
133488
126576
122256
120528
112579.2
110678.4
342057.6
513043.2
418435.2
294969.6
202262.4
169689.6
152409.6
140659.2
132451.2
123033.6
112060.8
105408
99532.8
93916.8
90979.2
86832
83376
81475.2
80006.4
80179.2
85708.8
81388.8
77673.6
82598.4
73008
68601.6
66614.4
69033.6
68947.2
65232
61603.2
59616
58406.4
55814.4
53481.6
50976
49075.2
47174.4
45532.8
48729.6
50198.4
48470.4
46656
45100.8
43804.8
42854.4
41731.2
40694.4
39830.4
44064
57974.4
54432
54777.6
52704
50284.8
48124.8
46051.2
44236.8
42768
41472
41731.2
44841.6
45532.8
57110.4
51926.4
53827.2
65404.8
104630.4
61516.8
53568
69465.6
61344
58147.2
51840
45273.6
42854.4
41040
45532.8
54864
45014.4
41644.8
38620.8
709516.8
238809.6
105926.4
76896
67564.8
61948.8
64281.6
150595.2
75254.4
62294.4
55382.4
49852.8
46656
45705.6
47865.6
52790.4
49075.2
44496
41990.4
40694.4
41126.4
51408
385603.2
142041.6
94348.8
71712
60998.4
54345.6
50112
47692.8
50716.8
61776
84067.2
57196.8
53049.6
53395.2
48556.8
46051.2
43372.8
43200
40780.8
38707.2
37670.4
37411.2
37843.2
45360
51062.4
43027.2
40608
38966.4
56419.2
91065.6
113097.6
64022.4
51494.4
47260.8
45532.8
44582.4
43718.4
41644.8
40780.8
40003.2
39139.2
43977.6
76032
60220.8
49248
45532.8
43718.4
42768
42163.2
42336
41126.4
40262.4
40003.2
38793.6
38188.8
37497.6
36892.8
36979.2
36979.2
36806.4
36720
38102.4
38707.2
51753.6
83462.4
235353.6
131241.6
104198.4
122601.6
84240
70070.4
63158.4
62380.8
111196.8
110419.2
76809.6
64281.6
57974.4
53740.8
51321.6
49766.4
49939.2
58320
54000
51062.4
52358.4
65318.4
1323648
477360
235440
198547.2
262051.2
421286.4
774316.8
489542.4
424224
292809.6
287884.8
307670.4
228614.4
189820.8
164073.6
866592
4904064
1067904
657244.8
481680
406080
372988.8
306028.8
264384
237168
212457.6
193536
180316.8
166924.8
154224
160704
193968
162345.6
150163.2
138931.2
129340.8
123724.8
120614.4
117158.4
112838.4
109814.4
105494.4
109987.2
106272
106617.6
116640
122860.8
793065.6
930528
575942.4
633398.4
466646.4
356313.6
302054.4
267580.8
249955.2
255139.2
246585.6
241315.2
211680
184204.8
182131.2
172627.2
165196.8
177724.8
174528
159321.6
148262.4
136425.6
157766.4
661651.2
359251.2
264816
225417.6
200275.2
185155.2
174614.4
168825.6
158976
151977.6
143164.8
135216
127958.4
167443.2
163728
150595.2
381542.4
309744
239673.6
205200
288316.8
220320
222566.4
408412.8
301708.8
248400
225072
731203.2
609465.6
806630.4
806457.6
586656
433296
326937.6
290908.8
260841.6
237427.2
223430.4
219024
789523.2
678844.8
1903392
852163.2
657763.2
526608
427420.8
358387.2
369100.8
916704
543369.6
405820.8
353721.6
340502.4
339206.4
285897.6
268876.8
254102.4
226195.2
207014.4
193968
189561.6
203472
264729.6
319766.4
245635.2
243993.6
637200
1177632
496022.4
371260.8
307756.8
273024
253843.2
247795.2
244339.2
242784
290044.8
244252.8
203904
180230.4
166060.8
157507.2
151113.6
144374.4
137980.8
129859.2
126230.4
122256
117417.6
117072
111283.2
109814.4
106185.6
101692.8
98323.2
94694.4
94003.2
91670.4
89164.8
93139.2
108691.2
98582.4
92880
88214.4
85190.4
81820.8
78710.4
76809.6
73008
70502.4
69379.2
68601.6
67564.8
61948.8
60307.2
60480
59356.8
58838.4
60480
56937.6
68601.6
65923.2
60393.6
57628.8
56592
83462.4
75340.8
67219.2
62467.2
57283.2
53481.6
50025.6
49334.4
48384
48729.6
48729.6
45360
44236.8
45619.2
43804.8
43545.6
60307.2
1193184
1008288
577152
331862.4
236044.8
197164.8
162864
137030.4
122601.6
125625.6
113270.4
97891.2
86227.2
79315.2
74822.4
76377.6
71884.8
69379.2
64281.6
60566.4
60912
90028.8
76809.6
692582.4
573868.8
251424
161913.6
131328
156470.4
147225.6
122515.2
106704
92016
89942.4
95385.6
93571.2
82684.8
77500.8
74131.2
80438.4
73612.8
64281.6
60048
64627.2
65318.4
60134.4
83635.2
153878.4
142128
85968
166579.2
146361.6
97372.8
79401.6
71280
67564.8
65404.8
69033.6
85622.4
111888
198892.8
151372.8
159062.4
98582.4
78192
69465.6
67478.4
68428.8
63072
153705.6
373075.2
130982.4
105148.8
152496
105321.6
83808
75859.2
71798.4
70588.8
66355.2
66528
72576
63936
61430.4
59356.8
57196.8
55728
56160
53913.6
52617.6
58752
61516.8
55641.6
60307.2
64972.8
68169.6
66528
149385.6
121996.8
125712
131328
261964.8
306460.8
291340.8
174873.6
129340.8
113702.4
285552
179366.4
138585.6
132019.2
541641.6
252547.2
280368
418694.4
230774.4
191203.2
201657.6
186624
149299.2
198028.8
392860.8
202780.8
167097.6
145929.6
135734.4
137980.8
160444.8
165628.8
157766.4
153705.6
140659.2
170899.2
162518.4
195782.4
342403.2
465177.6
345168
282960
226368
210556.8
184550.4
163728
149904
144547.2
131328
126662.4
135129.6
127785.6
121132.8
115257.6
110332.8
102816
99446.4
113961.6
105408
108000
100656
95040
90028.8
86572.8
87004.8
83721.6
88041.6
84240
81648
85622.4
264988.8
354931.2
1758240
1048896
522806.4
375321.6
310694.4
292550.4
243302.4
212025.6
187747.2
170985.6
163641.6
152668.8
143164.8
136339.2
133920
134006.4
118540.8
111801.6
141696
246844.8
232243.2
114998.4
106617.6
113788.8
99273.6
153619.2
140918.4
148262.4
176083.2
142128
125366.4
123292.8
123379.2
648604.8
498268.8
258249.6
200793.6
185673.6
237254.4
766886.4
