4046976
3853440
3668544
3486240
3710880
3482784
3854304
5140800
5687712
5565888
4284576
4153248
4447872
4198176
6293376
44789760
24952320
38914560
18671040
14040000
10851840
15137280
12346560
12579840
10255680
8459424
14904000
10946880
9936000
7270560
6143040
5452704
5997888
5148576
4968864
6787584
8443872
7407936
6938784
6423840
5633280
4939488
5259168
5282496
4825440
5038848
5152032
4364928
3997728
3743712
3521664
3293568
3178656
2979936
3098304
3678912
13193280
10972800
8538912
6697728
5593536
5016384
4578336
4759776
5888160
5746464
5176224
4682880
4404672
4148928
4766688
4477248
4612032
5188320
4483296
4034880
4512672
5149440
4079808
3612384
5361120
5282496
4255200
5203008
21072960
10990080
7487424
11439360
31933440
25738560
18187200
15906240
23595840
19517760
36028800
33229440
20355840
12977280
10100160
8238240
7018272
6121440
5448384
4900608
4446144
4090176
3803328
3619296
3432672
3274560
3061152
2850336
2727648
2573856
2449440
2420928
2242080
2151360
2123712
2036448
2081376
1956960
1811808
1696896
1675296
1928448
1808352
1616544
1553472
1524096
1453248
1390176
1381536
1429056
1762560
1511136
1370304
1296000
1224288
1223424
1200960
1252800
1120608
1075680
1072224
1075680
1164672
1199232
1086048
1086912
1075680
1049760
1052352
1007424
951264
928800
1006560
1073088
1210464
1425600
1315872
1134432
1028160
972000
990144
952128
907200
950400
960768
853200
822096
803088
777168
759974.4
832204.8
878688
784512
761011.2
740188.8
752803.2
743212.8
746928
1005696
1055808
908064
1799712
1090368
1421280
1302048
997920
1691712
3738528
2210112
1362528
2701728
6671808
6760800
4097088
2909952
4492800
5023296
7271424
5990976
3812832
2966976
2459808
2120256
1873152
1683936
1565568
1383264
1318464
1305504
1844640
1461888
1264896
1188864
1105920
1109376
1106784
1039392
1243296
1743552
1434240
1569024
1432512
1206144
1096416
1120608
1176768
1122336
3031776
3226176
1804032
1480896
1931040
1862784
1543968
1304640
1175040
1119744
1067040
1027296
998784
1090368
1014336
934848
895104
869184
1418688
2473632
1543104
1277856
1501632
1417824
1168992
3932064
3484512
2602368
1856736
1504224
1478304
1988928
2108160
1635552
5998752
7670592
3830112
2910816
2435616
2226528
8328960
6817824
8406720
7407072
5688576
4756320
5077728
6682176
5243616
4094496
3591648
3230496
2904768
2630880
2369952
2242944
2076192
1955232
1826496
1755648
1836864
1732320
1841184
2285280
8044704
4680288
3468096
3772224
5343840
5018112
7474464
6224256
4611168
3969216
8294400
8769600
11214720
9469440
8804160
8864640
13512960
18394560
10972800
17452800
22170240
13080960
15085440
11430720
9987840
9175680
8339328
7850304
6762528
7000128
9469440
7994592
6461856
5647968
5048352
4675968
4369248
4294944
4153248
4048704
3999456
4035744
3882816
3672000
3852576
4087584
8409312
8195040
23388480
22282560
10679040
7919424
6877440
6945696
8700480
6001344
4868640
4464288
4527360
4749408
4841856
4391712
5080320
6181920
6896448
5647968
7524576
8933760
9201600
10566720
9331200
6312384
5128704
7495200
12113280
7098624
5729184
5279040
4620672
10091520
18187200
12674880
28944000
23578560
38914560
47416320
18308160
12381120
9815040
8079264
6851520
6197472
5673024
5253984
4943808
4640544
4427136
4046112
3716928
3573504
3369600
3653856
5442336
13685760
34421760
33488640
20200320
45446400
21332160
19206720
20001600
12692160
16329600
14143680
13374720
11370240
15059520
10903680
10359360
9452160
8821440
7771680
6929280
8769600
7457184
6690816
6177600
5415552
4791744
4389984
4113504
3863808
3704832
3513888
3311712
3225312
3101760
3367872
5946048
5528736
9927360
12908160
9141120
14169600
11370240
8401536
6839424
5796576
5212512
4732992
4260384
3953664
3698784
3489696
3315168
3209760
3051648
2855520
2838240
4302720
4142880
6939648
4499712
4132512
9434880
13089600
7626528
5391360
4473792
3935520
3562272
3292704
3076704
2941056
2761344
2592864
2376864
2217024
2142720
2019168
1938816
1820448
1753056
1819584
1688256
1576800
1503360
1455840
1381536
1332288
1257120
1211328
1177632
1173312
1166400
1179360
3275424
5935680
3604608
3579552
3767040
3247776
2880576
2688768
2204928
2025216
2129760
2039040
1987200
1746144
1995840
7371648
13037760
8158752
5233248
4247424
3675456
3373056
3151008
2798496
2440800
2146176
1980288
1779840
1664064
1611360
1560384
1517184
1513728
1662336
1548288
1888704
2123712
2248992
1994112
1555200
1462752
1380672
1411776
2356128
2459808
2234304
3572640
4059936
3399840
2455488
2326752
2226528
1956096
1652832
1627776
1503360
1391904
1310688
1214784
1177632
1250208
1728864
1915488
3875904
3423168
2708640
2344032
1810080
1551744
1384992
7701696
24779520
8847360
6568992
13962240
7540992
5679072
4535136
3758400
3251232
3015360
2586816
2401920
2398464
2122848
1919808
1840320
7071840
4926528
5196096
4429728
8193312
15232320
10601280
6303744
10402560
32719680
19336320
15266880
11128320
8106912
8192448
7017408
6781536
7956576
6384960
6160320
5038848
4387392
4057344
3995136
4425408
5762016
5315328
5739552
4211136
3757536
3491424
3367008
3953664
4600800
3498336
9175680
7112448
6292512
5361984
6964704
8326368
16390080
10411200
7610976
5673024
8433504
12389760
9279360
8214912
9184320
9167040
8436096
6471360
6324480
5597856
6483456
4946400
4406400
4002912
3693600
3440448
12009600
7947072
5800032
6232032
11715840
9175680
7147008
8873280
8786880
7121952
9089280
7556544
6342624
5900256
5358528
18282240
23284800
12294720
9037440
9720000
9288000
7966080
6690816
6610464
5811264
6511104
5413824
5568480
6695136
6864480
7366464
5647104
5837184
5524416
4815936
4218048
3900096
3751488
3597696
3739392
3625344
6458400
4807296
4071168
3708288
3452544
3338496
7324992
5622048
4269024
3819744
3871584
3710880
6008256
11940480
10108800
22818240
10584000
36642240
27915840
40193280
17824320
15050880
12830400
9944640
8582112
13201920
37687680
19872000
12847680
15024960
12191040
14904000
12441600
9607680
8552736
7369056
6434208
9037440
11266560
13824000
12312000
11940480
9866880
11102400
9780480
9244800
14636160
13970880
13400640
16018560
15733440
10411200
21219840
20113920
25237440
13452480
10920960
8769600
7762176
6815232
6108480
5801760
5151168
4687200
4288032
3896640
3776544
4453920
5048352
5481216
8045568
6719328
5473440
5323104
7216992
10350720
7107264
5826816
5151168
4743360
4345056
4006368
3657312
3481920
3402432
3379968
3375648
3286656
3046464
3569184
3787776
3515616
3606336
3478464
3442176
3251232
3069792
2932416
4482432
3770496
3352320
4694976
9763200
6879168
5390496
4331232
4093632
4068576
4033152
3602880
3339360
3254688
3230496
4220640
4038336
3441312
5411232
4534272
3965760
3627072
3316896
3195072
2967840
2769120
2614464
2531520
3711744
3060288
2586816
2431296
2346624
2212704
2134944
2059776
1975968
1877472
1800576
1727136
1677888
1622592
1604448
1568160
1539648
1914624
2286144
2365632
2433024
3169152
2481408
2156544
6792768
6959520
7002720
4695840
3734208
3306528
3008448
4027104
4078944
3916512
3845664
5185728
5727456
4440096
4281984
5158944
10713600
7899552
5500224
4678560
4631904
4060800
3640032
3410208
3265920
3017952
2734560
2581632
2710368
2922048
17383680
18230400
10575360
7539264
8562240
6664032
5457024
5190048
7045920
6743520
5172768
4461696
3986496
3630528
3422304
3170880
2910816
2718144
2565216
2470176
2469312
3153600
3618432
2900448
2486592
2285280
2162592
4154976
3996000
12752640
15094080
10454400
7712928
5682528
4622400
4047840
5212512
24537600
20606400
10316160
7598880
6123168
6713280
22697280
21228480
14895360
9918720
8162208
8063712
15033600
14878080
11715840
9097920
8032608
7909056
9322560
9754560
11482560
34283520
15456960
17012160
28071360
36417600
23837760
14878080
11309760
9201600
7442496
6612192
14800320
11681280
7931520
6512832
5662656
12389760
14204160
8847360
6734880
5776704
5101920
4876416
4417632
4086720
5520960
7318944
4719168
5619456
18878400
12208320
8916480
6098112
5028480
4385664
3970080
3684096
3560544
3288384
4186944
4999104
9080640
11067840
6835968
5857920
4837536
5028480
4541184
4167936
4548960
4305312
7796736
9979200
13599360
11638080
6759936
5582304
5010336
4300128
3899232
3502656
3211488
3153600
3104352
2898720
5825088
7600608
4966272
4128192
3916512
3459456
3150144
3099168
3532032
3041280
11810880
14109120
6684768
5202144
10834560
38543040
23898240
13728960
9918720
7989408
11759040
9011520
11093760
12355200
8093952
7481376
6059232
5203872
4689792
4275936
3979584
10834560
37549440
12951360
9504000
8071488
13011840
33402240
23466240
16148160
12320640
9590400
7978176
7214400
6614784
5904576
5317920
4857408
5247072
5288544
4573152
13867200
10238400
8526816
7209216
6317568
5430240
5352480
5130432
5793984
6873120
6320160
5048352
4643136
8583840
18239040
10938240
8112960
6750432
5951232
16364160
15310080
9996480
29134080
21047040
11854080
21211200
29445120
19863360
11638080
9115200
7655904
6988032
5964192
5937408
6005664
5259168
7776000
9478080
9132480
12104640
7563456
6111936
5390496
4910976
11525760
14160960
9037440
7691328
6660576
6216480
37713600
33998400
31717440
34525440
25997760
19042560
16519680
19897920
20312640
22230720
15059520
33514560
16079040
14143680
11413440
9227520
8027424
7430400
8362656
9011520
7237728
6267456
5728320
5234976
4827168
4903200
4557600
4127328
3884544
3760128
3641760
3494880
3551040
3504384
3362688
3270240
3358368
5269536
38033280
26239680
32598720
21729600
28347840
17262720
11448000
9607680
10506240
10488960
11689920
8049024
6932736
6843744
6697728
6486912
5436288
5877792
14601600
10808640
8110368
7465824
6054048
5240160
4812480
4376160
4074624
3850848
3684960
3533760
3345408
3168288
3056832
2979936
2874528
2789856
2713824
2600640
2505600
2562624
2643840
3161376
3035232
2658528
2423520
2544480
2385504
2725056
3981312
5265216
10160640
7516800
6816960
5612544
4821984
4209408
3861216
3602016
3424032
3340224
3245184
3261600
3337632
3224448
3078432
3151008
3302208
3632256
3801600
3624480
3697920
3601152
3268512
3100896
3100032
3208896
3654720
28002240
10860480
10739520
18809280
28442880
10463040
7380288
6309792
5895936
4846176
4773600
4518720
4167936
4002912
3643488
3466368
3187296
2990304
2877984
2725920
4824576
3391200
3129408
2871936
2655936
2748384
3675456
3554496
3522528
3878496
4162752
3880224
3556224
3187296
7591968
7205760
7558272
7080480
4561920
3883680
3577824
3253824
3026592
3453408
5243616
3629664
3253824
2977344
2593728
2345760
2167776
2065824
1956960
1891296
1794528
1708128
1673568
1615680
1569024
1561248
1607040
1539648
1562976
1842048
1786752
1568160
1436832
1376352
1374624
1388448
1759968
2179008
1589760
1283904
1176768
1192320
1200960
1137024
1157760
1200960
1289952
1438560
1590624
1411776
1207872
1102464
1041120
989280
965952
971136
923616
887328
854409.6
833760
827366.4
819849.6
933984
912384
907200
865728
895104
1456704
1735776
1465344
1145664
3016224
3494880
3680640
2642112
3539808
3381696
2377728
2020032
5793984
3181248
2166912
1804896
1579392
1433376
1373760
1311552
1252800
1205280
1260576
1716768
1761696
2984256
1921536
1508544
1381536
1613088
1461888
1472256
1362528
1255392
1182816
1131840
1197504
1135296
1057536
1021248
1002240
999648
979776
1079136
1594080
6472224
3339360
2287008
1814400
1544832
1563840
1499904
1530144
2836512
4578336
2960064
2312928
2186784
2980800
2300832
1959552
1735776
1596672
1546560
1518912
1442016
1416960
1331424
1260576
1206144
1171584
1295136
2597184
2707776
1918944
1736640
2014848
2108160
1806624
1539648
1428192
1379808
1351296
1307232
1733184
5939136
3849120
6314112
7426944
9910080
26213760
14636160
8640000
14264640
11802240
16027200
11206080
7843392
6784992
7749216
6537024
9236160
11897280
7492608
6028128
6181056
5555520
4806432
4382208
4104000
4087584
4072896
3693600
3638304
3297024
3136320
2935008
3295296
3106080
4489344
6328800
4210272
3513024
3227040
2987712
2829600
2833920
2648160
2611872
2618784
2407968
2274912
2210976
2235168
7044192
5233248
4106592
5603040
7534080
5050080
4277664
4441824
9149760
13158720
15923520
20079360
10255680
12692160
15482880
16096320
39994560
29280960
36599040
46681920
20226240
13642560
44400960
27483840
16899840
55918080
29808000
28425600
25738560
29678400
20278080
17478720
31916160
27777600
19863360
13538880
11283840
10013760
8341920
7932384
8101728
12864960
13780800
9599040
9495360
12648960
9590400
8525088
10316160
8968320
8209728
14921280
19707840
16709760
16657920
15793920
11784960
11672640
24822720
26663040
16087680
12597120
20692800
16295040
12000960
21625920
21504960
13322880
11249280
13383360
17945280
18671040
31674240
17919360
13141440
15880320
12994560
19535040
14040000
11862720
35959680
36694080
23906880
17755200
19301760
13374720
10679040
13841280
13521600
9426240
7880544
9262080
22541760
10687680
8519904
9080640
7204032
6252768
5600448
5144256
4737312
4396032
4154112
4183488
4251744
8890560
10005120
10886400
7623072
5975424
5187456
4695840
4490208
4346784
4947264
4296672
3907008
7810560
6263136
5947776
6916320
6118848
12173760
10825920
8468928
7185024
6183648
5300640
4752864
4344192
4104000
3704832
3451680
3330720
3078432
2874528
2716416
2592864
2492640
2506464
2470176
2495232
4473792
3232224
3354048
2966976
3006720
5020704
3851712
3137184
2879712
2744064
2763936
3043872
4443552
3717792
5287680
5418144
5987520
5740416
4366656
3602016
3159648
2858976
2651616
2456352
2314656
2361312
2524608
2371680
2197152
3604608
3859488
2782944
2624832
3874176
2835648
2362176
2111616
2031264
2010528
4834080
7870176
4722624
5201280
6221664
5701536
6175008
4389120
3595104
3266784
3061152
3201120
2822688
2482272
2287872
2083968
1936224
1829952
1740096
1679616
1684800
1594080
1583712
1480896
1451520
1403136
1338336
1293408
1226880
1294272
1249344
1724544
1430784
1454112
1686528
1560384
1278720
1171584
1130112
1159488
1181088
1171584
1202688
1869696
1391904
1223424
1688256
1363392
1163808
1073952
1056672
1012608
989280
1060992
1025568
976320
961632
1002240
1191456
1188864
2647296
2403648
1598400
2118528
2903904
4016736
4084992
2658528
4946400
3799872
4483296
4497984
4891104
3290976
2923776
2553984
2171232
1914624
1881792
2274048
1982016
1734912
1601856
1474848
1369440
1386720
2817504
3857760
2446848
2029536
1969056
1814400
1874016
1833408
1836000
1791072
1743552
1697760
1658016
1673568
1599264
1544832
1524960
1594080
1581120
1524960
1560384
1516320
1466208
1435104
1399680
1358208
1339200
1344384
1296864
1248480
1230336
1227744
1204416
1186272
1249344
5509728
30844800
9011520
17115840
9521280
6391008
7451136
6837696
5628960
4525632
3980448
3625344
3246048
3175200
3293568
14826240
18463680
10212480
10247040
6772896
5622912
5255712
4542048
4253472
7083936
26542080
13746240
8821440
7350048
7904736
12139200
11499840
16372800
12890880
9279360
13538880
9590400
9141120
7256736
6410016
9745920
9184320
21142080
14152320
9875520
13227840
10169280
8743680
7875360
6719328
7998048
6986304
5793984
5164992
4974048
4859136
4604256
4336416
4084128
3837888
3811968
3508704
3343680
3182976
3037824
6432480
7165152
21600000
25902720
18066240
12571200
9590400
23025600
13875840
10126080
14523840
12139200
12692160
10376640
11180160
35769600
21574080
15707520
12510720
9979200
8485344
7195392
6193152
5790528
5480352
17781120
20010240
11638080
8576928
7477920
11301120
18057600
18506880
21487680
33393600
24580800
36953280
18619200
18463680
37333440
19638720
12994560
10281600
8508672
7339680
6399648
5724000
8095680
9270720
7750944
10419840
7333632
11180160
8540640
6933600
6372000
5583168
4949856
4483296
4162752
4011552
4013280
3863808
3766176
4519584
4504896
4043520
3821472
3728160
3723840
3552768
4098816
3817152
3471552
5978880
4667328
3913920
4039200
6358176
6961248
5242752
15984000
8505216
12251520
17979840
10212480
7746624
6930144
6423840
6043680
9521280
11672640
8430912
7753536
7803648
16200000
22800960
11059200
8382528
7110720
6246720
5523552
4921344
4506624
4113504
3807648
3600288
3375648
3212352
3427488
3284064
4997376
5864832
6372000
10368000
6232032
5158944
5288544
5035392
4310496
3870720
3558816
3341952
3140640
2956608
2928096
3786048
3792960
3142368
3073248
2913408
2600640
2414880
2280960
2197152
2077056
1982016
1956096
1873152
2297376
2149632
1890432
1913760
2785536
3200256
2532384
2153952
8786880
7167744
8626176
14022720
8683200
6042816
8665920
6368544
10255680
7066656
5323104
4523904
4033152
3760128
3413664
4154112
4135104
3391200
3027456
2819232
2563488
2375136
2255040
2160000
2090880
2440800
2311200
2063232
2382912
5095008
8551008
4019328
3163104
2722464
2612736
2890944
2316384
2096064
1910304
1793664
1648512
1576800
1573344
1525824
1479168
1419552
1360800
1327968
1341792
1409184
1431648
1381536
1279584
1312416
1320192
1296864
1313280
1764288
1341792
1224288
1195776
1165536
2404512
2454624
1681344
3936384
3477600
2958336
2132352
1780704
1995840
2095200
2501280
1863648
1619136
3197664
3153600
4955040
3569184
2963520
3175200
2554848
2203200
2253312
2264544
5073408
9227520
7623072
5445792
4118688
4448736
3898368
3431808
3637440
3564864
4027104
3398112
2692224
2423520
2310336
2344032
1937952
1792800
2401920
2746656
2020896
1760832
1651968
1614816
1611360
2054592
3816288
7280064
3949344
3087936
2700000
3807648
2913408
3493152
2698272
2258496
2023488
1944864
2089152
1805760
1642464
1503360
1417824
1354752
1324512
1315008
1248480
1415232
1890432
1623456
1869696
1607904
1448064
1378080
1295136
1231200
1410048
1916352
1442016
1384128
1429056
1331424
1235520
1175040
1142208
1108512
1096416
1070496
1048032
1033344
1075680
1687392
2282688
1703808
1409184
1266624
1210464
1177632
1236384
1271808
1196640
1135296
1092960
1059264
1035072
1027296
1036800
1094688
1073088
2277504
2539296
1760832
1470528
2122848
4907520
3807648
3459456
3450816
2616192
2312064
2620512
2852064
2972160
7556544
16035840
21150720
20079360
16061760
12441600
13806720
19275840
43588800
28278720
19474560
26369280
18455040
13668480
10972800
9348480
8417088
8709120
7046784
5993568
8027424
14247360
26835840
17634240
19673280
18455040
32175360
40167360
93484800
72403200
30818880
24667200
28296000
28969920
17193600
15750720
12458880
11154240
9668160
9175680
11430720
11344320
18895680
33272640
20701440
35519040
19872000
32935680
22723200
71729280
38957760
22654080
16986240
55728000
32961600
21047040
21219840
25928640
29928960
48720960
36504000
34871040
21409920
22654080
39294720
24814080
23328000
17452800
13711680
10644480
8890560
7845984
7349184
7515072
7032960
6505056
25047360
14402880
12640320
11499840
45584640
59883840
25686720
29617920
19284480
16251840
31440960
20295360
13772160
11983680
12744000
15301440
16796160
18990720
14705280
11145600
8925120
7808832
7893504
7163424
6238080
8951040
32114880
13184640
11793600
14394240
11672640
9469440
7665408
6686496
5987520
5532192
5021568
4594752
4320000
11266560
7646400
5890752
7365600
9564480
6854112
5668704
5318784
6506784
5571936
4866048
4719168
4408128
4065120
3786912
3624480
3467232
3303936
3138048
2974752
2830464
2702592
2594592
2542752
2531520
6357312
11517120
9979200
5922720
5097600
4555008
5063040
8735040
6061824
5960736
7678368
6600960
5945184
5376672
5383584
6204384
5024160
5978880
8085312
7202304
6385824
5801760
4909248
4382208
3930336
3614112
3405888
3170880
2988576
2843424
2710368
2594592
2560032
2472768
3811104
4560192
4851360
6790176
5092416
3919104
3359232
3122496
2856384
2717280
2502144
2292192
2168640
2088288
1976832
1894752
1812672
1696032
1612224
1598400
1795392
2133216
2493504
2831328
2142720
1822176
1648512
1627776
1651104
1538784
1393632
1287360
1229472
1150848
1130976
1081728
1024704
987552
945216
1643328
1505952
1114560
1029024
1054944
1217376
1292544
1293408
1176768
1131840
1276128
1291680
1112832
1569024
1550880
1115424
972864
917568
1118880
1252800
1099008
1026432
1012608
1633824
1836000
2970432
2318112
1933632
4269888
2682720
2281824
3105216
2851200
4717440
3790368
2958336
2245536
2096064
1793664
2377728
2081376
1793664
1620864
5241024
4414176
2867616
2341440
2080512
2154816
2299104
4086720
3064608
3163104
2518560
2052000
1816128
1657152
2262816
4525632
2896128
2223072
1950912
2369088
2018304
1894752
6365088
4858272
5273856
3793824
3201984
2738880
2384640
2159136
2029536
3733344
4940352
3204576
2822688
3569184
2477952
2152224
1901664
1937088
1785024
1564704
1468800
1451520
1425600
1457568
1606176
1674432
1400544
1346112
1658880
11707200
11836800
4687200
3379968
4520448
3420576
2959200
2631744
2405376
2068416
1900800
1736640
1622592
2936736
2939328
2248992
2758752
2714688
2433024
2535840
4729536
4008960
3138912
2559168
2195424
1950048
1773792
1646784
1512000
1432512
1350432
1296864
1293408
1302048
1322784
1401408
1608768
1996704
3259008
6416064
4032288
3269376
2838240
2474496
2546208
2496960
2242080
2005344
1835136
1749600
1650240
1559520
1524960
1529280
1558656
1473120
1445472
1672704
5581440
5539968
3221856
2732832
3081024
3305664
8581248
5282496
6022944
4871232
4907520
9054720
6033312
4709664
4092768
5519232
33514560
12225600
7722432
5984928
5083776
5417280
4792608
4129056
3955392
4123872
3475872
3145824
2955744
2707776
2557440
3284928
3537216
3069792
3111264
2670624
2451168
2370816
2414016
2388960
2282688
2407968
2306016
2185056
2069280
4096224
3542400
22265280
22775040
16752960
14040000
9884160
7550496
6252768
5350752
4884192
5469120
4800384
4255200
3934656
3515616
3348864
3231360
3095712
4111776
5469120
4398624
4040928
3610656
3322080
13167360
9659520
6681312
5444064
4692384
4211136
3864672
3622752
3385152
3197664
3392064
3116448
2768256
2891808
3288384
3189024
4383936
5423328
4259520
5439744
10074240
6409152
4994784
7064928
6114528
4864320
4321728
9633600
8334144
6877440
6690816
5633280
5684256
4830624
4826304
5135616
4407264
4203360
6057504
18204480
10368000
30395520
28270080
20485440
13720320
10627200
8942400
8639136
14904000
11206080
8743680
7424352
7895232
7760448
6304608
5747328
5524416
4874688
4430592
4063392
3920832
5755968
8683200
14895360
10065600
7596288
14532480
23690880
11551680
8542368
7013088
6003936
5301504
5357664
11111040
15422400
10851840
7512480
5760288
5260032
4456512
4046112
3748896
3492288
3328128
3257280
3011040
2817504
2681856
2571264
2430432
2321568
2424384
2257632
2077920
1979424
1859328
1773792
1677888
1643328
1624320
1626048
1542240
1512864
1467936
1397952
1328832
1263168
1223424
1189728
1156896
1106784
1080864
1063584
1032480
1011744
962496
959040
946080
946080
945216
2834784
2508192
1597536
1287360
1303776
2214432
1738368
1561248
1397952
1230336
1139616
1023840
1760832
1309824
1143072
1064448
1003968
994464
997056
924480
1097280
10229760
12951360
8611488
7477920
5276448
5055264
5453568
3779136
3115584
2794176
3316896
2723328
2221344
1897344
1677888
1553472
1491264
1436832
1406592
1219968
1135296
2175552
2970432
6618240
9002880
4993920
3529440
2951424
6689952
6420384
4210272
3515616
3156192
2637792
2553984
2640384
2213568
1980288
1882656
1811808
2063232
1716768
1451520
1363392
1518912
1409184
1470528
2598912
2651616
1831680
2737152
4198176
3368736
2785536
2608416
3010176
3180384
2773440
5543424
3751488
2818368
2640384
5473440
3856032
2776032
2285280
2026944
2045088
1886112
2329344
11543040
5095872
8549280
9789120
6002208
4358880
3576096
3157920
4032288
3621024
3066336
3455136
2941920
2547936
2616192
2301696
2054592
1842912
1671840
1561248
1576800
2255040
2393280
2072736
4592160
3471552
3176928
4296672
3236544
4054752
4577472
3446496
3328992
3790368
3406752
2666304
2331072
5695488
4219776
3341952
2926368
9650880
5682528
4256928
6276096
4497120
4517856
4802976
6534432
4828896
4776192
12044160
6173280
5091552
4393440
3854304
3716928
10324800
8548416
15318720
9547200
6795360
7656768
12225600
8959680
8490528
10748160
8411040
8558784
6713280
6003072
5609952
4728672
4159296
3857760
3583872
3252960
3176928
3201984
3619296
3094848
2849472
2715552
2495232
5876928
4320000
3894048
3536352
3116448
2800224
2538432
2515968
2471040
2440800
2610144
2609280
2426976
4567104
6872256
27259200
23656320
10860480
7966944
6448896
8262432
6467904
5310144
4605120
4154112
3964032
3870720
3541536
3332448
3282336
9970560
5214240
3969216
3568320
3543264
3289248
3912192
4075488
3778272
3340224
5121792
5565888
5013792
5381856
4434912
3791232
3554496
4436640
22325760
17314560
9072000
6772032
5703264
7084800
13798080
