438912
427852.8
407462.4
428544
394848
459820.8
723427.2
902016
783820.8
351734.4
350784
352771.2
351129.6
345254.4
1453248
5712768
3022272
3923424
1846368
1346112
1082592
1247616
996192
938304
802828.8
719712
1187136
902016
803433.6
657849.6
593395.2
568857.6
635212.8
537753.6
546739.2
617328
629942.4
600480
578534.4
533347.2
495849.6
470102.4
462931.2
451958.4
441244.8
503280
476755.2
435024
410918.4
393033.6
376790.4
363571.2
348624
339811.2
352944
492220.8
869184
671500.8
602121.6
539568
495244.8
472176
445824
454550.4
470102.4
452822.4
428976
411696
395193.6
388195.2
398563.2
402451.2
465004.8
532656
446083.2
510969.6
720748.8
579571.2
482025.6
419644.8
997056
637545.6
726019.2
788054.4
3045600
1335744
1224288
1488672
2275776
1758240
1550016
1780704
2414016
1996704
6320160
6459264
2868480
1921536
1464480
1175904
990144
849830.4
745027.2
670118.4
616291.2
572918.4
538531.2
514771.2
484185.6
457747.2
454291.2
428025.6
403142.4
385084.8
388886.4
373593.6
359769.6
374630.4
352771.2
350006.4
353548.8
334195.2
322617.6
313545.6
357696
351648
310003.2
297993.6
292204.8
285379.2
280540.8
293760
293328
418348.8
330048
294451.2
277603.2
266371.2
295228.8
276393.6
254016
245808
240105.6
237254.4
233798.4
309225.6
274492.8
228614.4
227750.4
229305.6
223516.8
233280
222480
214012.8
207360
207705.6
218678.4
320716.8
316483.2
301449.6
261619.2
230515.2
221011.2
221702.4
216172.8
208828.8
236995.2
221702.4
197942.4
193536
190684.8
188784
186019.2
235440
229392
188697.6
182822.4
178156.8
177811.2
178243.2
201484.8
188265.6
218332.8
180921.6
301881.6
241747.2
208656
275961.6
215913.6
193276.8
276912
432604.8
255052.8
220233.6
525484.8
565574.4
721008
411955.2
383443.2
534643.2
449971.2
1168992
751161.6
544665.6
459216
412473.6
382838.4
362275.2
363484.8
313027.2
299721.6
303350.4
314150.4
308880
286848
299980.8
259632
254966.4
264297.6
247104
263865.6
384048
348624
302486.4
296956.8
268876.8
252806.4
252115.2
286502.4
301622.4
281577.6
398476.8
315878.4
273283.2
317779.2
383702.4
358905.6
293846.4
274665.6
264470.4
254448
243648
236736
301276.8
253670.4
222393.6
216777.6
212025.6
210816
385430.4
299980.8
283478.4
286070.4
256780.8
236217.6
552960
967680
615168
439516.8
374803.2
345600
382320
484185.6
391219.2
463622.4
915840
639964.8
511488
454118.4
420076.8
412214.4
1031616
617241.6
1052352
762912
656899.2
634521.6
612921.6
845683.2
581904
521424
481680
450316.8
424742.4
404179.2
405129.6
372384
358473.6
344563.2
333676.8
330739.2
320025.6
341366.4
367286.4
515203.2
702432
461462.4
413596.8
674438.4
689990.4
716256
2401056
1125792
833846.4
921888
1265760
1255392
1526688
1270944
1244160
1146528
2109024
1982016
1336608
2384640
3208032
1932768
1959552
1702080
1667520
1786752
1507680
1367712
1098144
969408
889056
781315.2
698198.4
644976
603158.4
565401.6
535161.6
514166.4
488160
468460.8
452217.6
438825.6
427075.2
399513.6
399859.2
497491.2
749347.2
585273.6
1246752
913248
634521.6
554688
510364.8
485740.8
500774.4
443404.8
433555.2
402105.6
406771.2
581385.6
870048
409276.8
586656
493948.8
311299.2
424569.6
724723.2
921888
671328
603417.6
591062.4
489024
451353.6
814406.4
785376
664588.8
595296
559958.4
517276.8
959040
1137888
1543104
4084992
3071520
6009984
6841152
2534112
1746144
1354752
1100736
937440
827452.8
748742.4
696729.6
664156.8
609465.6
567648
526089.6
493776
470275.2
464400
543456
1053216
2522880
5218560
3253824
2325888
6632928
2721600
2954880
2484000
1900800
2032992
2199744
1912896
1746144
1770336
1392768
1291680
1175040
1037664
912384
876960
1384992
1021248
950400
810259.2
715132.8
634521.6
584323.2
547948.8
519091.2
497404.8
470534.4
446774.4
427161.6
434937.6
622944
850953.6
794620.8
1328832
1260576
1016064
1283040
1102464
914112
773712
685411.2
645926.4
589248
543110.4
509760
480297.6
458870.4
434505.6
413683.2
393984
382492.8
395280
524102.4
443232
566870.4
429408
527040
1715040
2516832
1149984
849225.6
703382.4
608774.4
556329.6
502934.4
475977.6
452908.8
430531.2
401587.2
375753.6
359337.6
344563.2
353203.2
316224
303955.2
340848
312681.6
289440
275961.6
291081.6
259372.8
250992
239760
232934.4
228096
223430.4
242179.2
222134.4
385171.2
555292.8
586828.8
414115.2
763862.4
509587.2
442281.6
422928
373507.2
342144
377568
373334.4
384480
321926.4
304819.2
576288
727142.4
1955232
1270944
846979.2
738547.2
649123.2
647136
550108.8
467510.4
416448
390960
361411.2
336182.4
321408
311817.6
300585.6
295747.2
342230.4
315360
348796.8
352771.2
308016
316483.2
269827.2
283910.4
273542.4
247276.8
255571.2
266457.6
253670.4
386121.6
430012.8
472608
324172.8
314323.2
332380.8
290304
260064
276480
240883.2
225158.4
215481.6
204768
194659.2
195782.4
540518.4
413942.4
508723.2
403142.4
316224
279590.4
251856
266198.4
224640
222048
2558304
3271104
1361664
953856
834710.4
675820.8
642816
518313.6
451267.2
405561.6
369187.2
375926.4
358041.6
324950.4
300326.4
288662.4
289785.6
363484.8
336009.6
297993.6
275616
309744
997056
612489.6
444528
2413152
2746656
1761696
1789344
1361664
984960
993600
841449.6
1024704
946080
822700.8
726624
599616
529891.2
565833.6
508636.8
460771.2
456710.4
442540.8
420595.2
386035.2
396144
347414.4
350784
510278.4
411782.4
361411.2
850348.8
1145664
1004832
826416
1768608
1499040
2538432
1416096
1073952
851385.6
1173312
2295648
1480032
1541376
1473984
1626048
1389312
1106784
1258848
1322784
1162080
921888
836179.2
719971.2
650678.4
683251.2
3063744
1380672
1060128
1389312
2619648
1543968
1740960
2039904
1886112
1435968
1871424
1336608
1176768
1067904
997056
4644864
4008096
2157408
1727136
1980288
1684800
1543968
1175040
1028160
1097280
1400544
955584
1294272
1060128
1754784
1374624
997920
1032480
963360
809481.6
724118.4
671846.4
635904
649123.2
842054.4
842313.6
1204416
808099.2
669340.8
606009.6
564019.2
736387.2
2297376
1011744
757209.6
689299.2
759542.4
717292.8
1655424
1817856
2226528
2674944
2193696
9642240
5921856
6446304
3237408
2810592
2238624
1753056
1632096
2066688
7583328
3068928
2401056
2666304
2482272
2301696
1872288
1502496
1305504
1115424
978048
1617408
1443744
2317248
1880064
1831680
1669248
1532736
1397952
1712448
2597184
2583360
2752704
2937600
2061504
1665792
2988576
4598208
3673728
2151360
1694304
1359936
1241568
1035072
916704
848620.8
748569.6
687139.2
625881.6
574905.6
561513.6
670550.4
811728
1229472
1169856
1148256
863049.6
930528
1948320
1641600
1158624
941760
835056
744508.8
671760
605664
555811.2
523670.4
528336
507600
485827.2
445651.2
420940.8
451785.6
448070.4
429062.4
428112
495763.2
460512
431222.4
403747.2
439084.8
847843.2
503366.4
591667.2
608342.4
1283904
914112
730944
673920
675907.2
767750.4
661219.2
591667.2
554342.4
553046.4
595209.6
743472
608947.2
669686.4
1233792
812851.2
676857.6
596160
546307.2
512611.2
484704
461462.4
441072
714182.4
636595.2
499824
463017.6
451180.8
423878.4
404092.8
389836.8
374716.8
359856
346809.6
335491.2
324518.4
315014.4
306892.8
300931.2
294451.2
295488
359596.8
364867.2
340243.2
470275.2
407116.8
351648
385516.8
993600
673660.8
618710.4
506131.2
453427.2
417830.4
401155.2
561427.2
537667.2
460944
447465.6
563760
503020.8
450921.6
435110.4
463449.6
536112
486259.2
426297.6
419644.8
408758.4
383529.6
397699.2
354499.2
344908.8
331430.4
321408
334627.2
395107.2
372988.8
1002240
1397952
876096
1041984
998784
797731.2
704764.8
785030.4
786758.4
667699.2
585360
528076.8
485654.4
472176
427593.6
399513.6
375235.2
360288
345859.2
337392
365817.6
414460.8
348969.6
323568
310176
297388.8
294192
348883.2
356486.4
934848
732499.2
682300.8
556502.4
476236.8
457574.4
414633.6
455241.6
2355264
1260576
865728
737510.4
628387.2
852422.4
3500064
2827008
1806624
1224288
1067904
1256256
1366848
3106944
1957824
1459296
1278720
1165536
1137024
1101600
1338336
3466368
1610496
2189376
3426624
4522176
3045600
2101248
1617408
1271808
1055808
1181088
2218752
1465344
1150848
966816
884736
3849984
2434752
1566432
1214784
1016928
901152
815356.8
754704
684633.6
1423008
1087776
721094.4
869184
1426464
1276992
942624
770947.2
679536
616723.2
570931.2
535075.2
505872
485913.6
572745.6
542246.4
1057536
1035936
686102.4
584582.4
841708.8
689817.6
560649.6
495590.4
482457.6
455500.8
1825632
1098144
1413504
953856
691718.4
639360
620352
527299.2
493948.8
442368
425606.4
418176
407203.2
483840
1118016
1029888
917568
696556.8
675216
569548.8
524966.4
604454.4
578793.6
534124.8
2512512
1635552
1064448
855705.6
1174176
2789856
2372544
1530144
1261440
1071360
2677536
1404864
1595808
1674432
1179360
1086048
895104
783129.6
711158.4
649728
636595.2
1646784
2949696
1347840
1049760
906336
1392768
4675104
3233088
2488320
1816992
1381536
1149120
997056
886464
795312
721872
709948.8
870912
756604.8
685324.8
2785536
1421280
1198368
1011744
887328
780969.6
799459.2
888192
937440
1156032
903744
767664
762048
2748384
3910464
1871424
1415232
1235520
1143936
3738528
2565216
1511136
7083936
3121632
1976832
2382048
1939680
1467072
1221696
1060128
965952
887328
790732.8
974592
875232
754531.2
1012608
931392
1470528
1573344
993600
829008
760406.4
699667.2
1567296
1689984
1307232
1098144
909792
908928
3923424
2445984
3418848
4737312
3252096
2097792
1947456
1635552
3180384
2913408
2667168
3806784
2240352
2123712
1588032
1296000
1163808
1080864
1440288
1357344
1047168
909792
829526.4
754185.6
703987.2
679622.4
620092.8
577497.6
573264
587520
567129.6
546652.8
543024
519177.6
501033.6
486172.8
498700.8
1389312
2385504
3004992
2809728
2052000
3906144
1958688
1372896
1265760
1437696
1282176
1145664
953856
899424
938304
946080
841449.6
754272
1102464
1706400
1312416
1137024
1035072
832550.4
734140.8
673833.6
617068.8
578880
548985.6
523929.6
497577.6
471398.4
445132.8
430963.2
416016
403315.2
393120
379814.4
366595.2
358646.4
362966.4
353721.6
345513.6
330912
315014.4
317347.2
305856
307411.2
350524.8
382752
479433.6
705196.8
523411.2
516758.4
467856
423014.4
410313.6
391392
371174.4
358992
352771.2
343612.8
344304
338774.4
326851.2
322876.8
319939.2
328060.8
346377.6
344736
347155.2
359078.4
351302.4
333331.2
328752
352080
369792
757814.4
3468096
1792800
1702080
4443552
3298752
1585440
1171584
1032480
888192
769478.4
876096
740016
681350.4
629424
600134.4
559958.4
522806.4
540086.4
494985.6
849398.4
779328
598406.4
542505.6
502416
557452.8
661651.2
706233.6
791078.4
731203.2
1084320
910656
824688
694569.6
616550.4
1517184
1026432
833846.4
731635.2
650332.8
596505.6
568857.6
516672
489196.8
1594080
1127520
738547.2
597542.4
528595.2
483667.2
447033.6
425692.8
400204.8
399340.8
360547.2
339984
325296
316483.2
306979.2
302054.4
342576
292204.8
304387.2
421113.6
381628.8
316224
283219.2
286675.2
250646.4
247968
469411.2
528768
362016
299376
265939.2
271987.2
296870.4
274060.8
268099.2
310003.2
357609.6
457920
416188.8
331603.2
277862.4
248227.2
236908.8
203126.4
243648
223516.8
182995.2
170640
164419.2
163036.8
160358.4
193190.4
178502.4
145497.6
142041.6
138499.2
144374.4
210643.2
197769.6
203817.6
178502.4
176515.2
459820.8
718761.6
658195.2
498096
648086.4
466905.6
364435.2
357609.6
313113.6
275961.6
256867.2
241833.6
229737.6
259113.6
226886.4
214358.4
200534.4
233107.2
271296
294624
354844.8
347673.6
260841.6
229651.2
278467.2
248054.4
225504
216950.4
205632
196646.4
191548.8
256608
220492.8
190944
186537.6
180835.2
180403.2
173664
230515.2
193708.8
358732.8
709084.8
404784
301795.2
266198.4
309139.2
276998.4
296784
296956.8
914976
767145.6
534038.4
473212.8
565833.6
508636.8
423705.6
385171.2
357004.8
338688
348537.6
307497.6
295920
280627.2
265075.2
254275.2
207705.6
234403.2
301708.8
412387.2
297043.2
255657.6
257644.8
337564.8
292896
250214.4
235526.4
227404.8
222998.4
216604.8
211507.2
288316.8
370310.4
307324.8
554169.6
672883.2
1226016
1483488
1695168
997920
1623456
1315008
1732320
1143072
895104
1102464
919296
742694.4
1265760
1137888
809913.6
749174.4
883008
752025.6
639532.8
645580.8
567475.2
580780.8
550886.4
508896
501552
448934.4
418953.6
412128
425260.8
396230.4
614649.6
450057.6
399686.4
380073.6
364435.2
347241.6
342748.8
338428.8
324604.8
344131.2
318816
305942.4
297734.4
299462.4
311731.2
952128
501120
491961.6
788832
681177.6
559958.4
516153.6
569980.8
1321920
3467232
2532384
2128032
1281312
3081888
1807488
3026592
4285440
2314656
5940000
5111424
2181600
1929312
6668352
3667680
3113856
12165120
5082048
5363712
3760992
5776704
3000672
3286656
6307200
3462048
2210112
1547424
1371168
1110240
933120
889920
859507.2
2287872
1512864
1031616
1061856
1266624
895104
916704
1085184
946080
866592
1605312
2351808
1922400
1601856
1412640
1036800
1017792
3580416
2791584
1721088
1683072
2659392
1801440
1360800
3849984
2737152
1611360
1243296
1721088
1634688
2126304
2958336
1738368
1622592
2139264
1716768
3453408
1498176
1855872
9201600
6587136
4635360
3411936
3011904
1816992
1571616
2052000
1571616
1088640
917568
1777248
3216672
1321056
1211328
1141344
858556.8
757555.2
672278.4
610934.4
560995.2
527299.2
505267.2
628646.4
545529.6
1664064
1335744
1124928
858211.2
710467.2
614822.4
554428.8
518486.4
494553.6
520732.8
437875.2
403056
615081.6
470188.8
433900.8
659404.8
600480
1289088
922752
752457.6
750556.8
611452.8
524102.4
473990.4
448675.2
411177.6
364694.4
366249.6
317174.4
304646.4
291686.4
281923.2
274406.4
273715.2
270604.8
263520
268876.8
279590.4
262310.4
264988.8
246499.2
259372.8
283996.8
258076.8
233712
230860.8
228268.8
251596.8
410140.8
400896
366249.6
420854.4
655344
1175040
696211.2
493430.4
408758.4
360288
332640
311817.6
291945.6
290649.6
290908.8
263347.2
250992
246240
263347.2
285811.2
252115.2
303782.4
295833.6
241660.8
224899.2
218764.8
224553.6
268617.6
674956.8
619142.4
418262.4
528768
495763.2
443836.8
435974.4
357868.8
310521.6
287020.8
276912
264211.2
247795.2
236995.2
227664
217900.8
210988.8
205804.8
200275.2
196473.6
194054.4
221702.4
204768
183168
178675.2
175478.4
175046.4
167097.6
201312
185241.6
179712
176774.4
195609.6
190771.2
183168
167529.6
158889.6
153792
155952
175824
162518.4
163641.6
212112
190684.8
153360
195004.8
193795.2
162259.2
152409.6
169257.6
155865.6
136252.8
137548.8
145324.8
139017.6
134956.8
160617.6
185932.8
189216
266112
349660.8
263260.8
204681.6
404265.6
284169.6
226540.8
205804.8
297561.6
581385.6
691891.2
556070.4
566006.4
414460.8
348019.2
335664
294451.2
262396.8
244339.2
282787.2
278899.2
256780.8
234057.6
221443.2
208656
242524.8
231984
625968
418435.2
309225.6
285552
262224
278726.4
250473.6
228268.8
219369.6
210902.4
204336
203299.2
222566.4
189820.8
185328
181094.4
178416
178502.4
175910.4
201052.8
187488
168134.4
165715.2
162604.8
160531.2
162345.6
184118.4
174700.8
158198.4
153964.8
152496
151200
149817.6
199411.2
184896
961632
2237760
768441.6
2236032
975456
737510.4
737856
698457.6
602035.2
508291.2
458265.6
414028.8
410140.8
378432
691027.2
2773440
2401920
1423872
1615680
1025568
859766.4
765158.4
666057.6
899424
1095552
4726944
1991520
1451520
1391040
2514240
2108160
2401056
1528416
1119744
1379808
2636064
1639008
1354752
1047168
1095552
1801440
1499904
2688768
1666656
1245024
1197504
991008
847756.8
754790.4
706320
828057.6
688608
599443.2
548294.4
514598.4
496713.6
469756.8
447552
432345.6
416448
402710.4
384048
370483.2
353721.6
626572.8
1221696
937440
3811104
3003264
2142720
1608768
1257120
3022272
1853280
1823040
2780352
2217888
2191968
1730592
3214080
7154784
4344192
3120768
2306880
1795392
1429056
1151712
972864
866592
817948.8
3054240
2325024
1705536
1253664
1261440
1836864
3206304
2858976
3925152
4657824
4587840
6023808
2762208
3991680
4815936
2659392
1971648
1518912
1229472
1039392
899424
797299.2
2008800
1499904
2347488
2013120
1576800
2182464
1440288
1155168
983232
855014.4
759283.2
676944
616032
578534.4
546566.4
529545.6
548553.6
732326.4
645840
572227.2
537926.4
514598.4
507427.2
500256
682646.4
524966.4
702000
1137024
689558.4
579916.8
736646.4
876096
870912
1363392
3040416
1477440
2856384
2769984
1709856
1335744
1210464
1309824
1418688
2663712
2299968
1945728
1495584
1694304
6040224
3683232
2143584
1608768
1303776
1090368
927072
807667.2
726278.4
653097.6
599270.4
552960
524448
493171.2
519436.8
474076.8
848016
979776
1494720
1456704
1058400
889920
952992
822182.4
709948.8
637632
589161.6
549417.6
512438.4
489196.8
490233.6
630547.2
529286.4
489801.6
520387.2
448761.6
410313.6
385430.4
371692.8
357696
342748.8
342576
323654.4
325382.4
358300.8
319852.8
312940.8
355708.8
590457.6
529977.6
411609.6
364780.8
1429056
800928
1128384
2378592
1168128
870912
795484.8
1117152
1211328
843091.2
710640
615686.4
568512
531014.4
531619.2
672364.8
532310.4
456451.2
422496
397440
374630.4
364176
345081.6
327974.4
380851.2
412819.2
375321.6
350092.8
405129.6
2094336
1083456
661737.6
518313.6
466387.2
496627.2
442022.4
391046.4
360806.4
359596.8
316396.8
301881.6
295920
289958.4
280713.6
273801.6
268012.8
264470.4
256608
254361.6
267235.2
264384
244857.6
266716.8
248745.6
249350.4
242092.8
321148.8
254707.2
226022.4
241574.4
229478.4
206841.6
406166.4
271814.4
305164.8
682560
580953.6
405475.2
323913.6
296352
358646.4
380592
339465.6
305596.8
258422.4
775440
527212.8
749865.6
485568
497577.6
495331.2
395452.8
347068.8
329616
325036.8
390096
937440
719193.6
588902.4
623116.8
771984
604972.8
540172.8
724550.4
632448
940896
553651.2
459388.8
419644.8
431481.6
389318.4
343094.4
316742.4
344736
316656
288316.8
270000
261187.2
255657.6
285638.4
491961.6
409795.2
471225.6
448848
327196.8
372038.4
330825.6
301104
293587.2
264816
247708.8
236476.8
261446.4
226022.4
219456
212198.4
206755.2
202521.6
198806.4
217382.4
191462.4
186796.8
232243.2
217296
214790.4
207187.2
217814.4
191203.2
185414.4
180489.6
182736
307065.6
223084.8
214272
209520
199411.2
190166.4
183513.6
179107.2
174873.6
183081.6
170899.2
168652.8
166924.8
165369.6
180230.4
297648
267408
228873.6
196819.2
191721.6
186364.8
184723.2
182995.2
224380.8
192412.8
166838.4
163900.8
161481.6
159580.8
160876.8
210643.2
180144
185328
666230.4
346809.6
269481.6
219974.4
566611.2
645667.2
444182.4
621388.8
433641.6
346982.4
307584
373420.8
342403.2
407289.6
1105920
1974240
3105216
2715552
1935360
1456704
1999296
2928096
5865696
4078944
2746656
4022784
2787264
2503008
1874016
1512864
1481760
1378944
1073952
940032
1664928
2419200
4769280
2909952
3422304
3152736
3410208
6746976
14618880
10152000
4632768
3741984
5436288
3513024
2661120
2160000
1705536
1503360
1271808
1136160
1575936
1482624
3770496
4920480
3050784
4020192
2960064
6755616
3277152
7363008
4637952
3019680
3729888
15197760
5594400
3386880
3072384
3731616
3774816
6104160
3811968
4122144
2484864
2746656
5337792
3503520
3160512
2245536
1723680
1391904
1172448
1027296
950400
881280
797817.6
1031616
4261248
1868832
1722816
1655424
7115040
4953312
3045600
3601152
2163456
2623968
4844448
2696544
1896480
1654560
2287872
2321568
2482272
2389824
2072736
1488672
1227744
1064448
966816
850089.6
750902.4
2353536
3751488
1521504
2035584
2461536
1939680
1482624
1214784
1055808
926208
833241.6
746496
680400
787017.6
2178144
1128384
929664
937440
836870.4
741744
681177.6
692236.8
808012.8
664675.2
629251.2
662601.6
610848
549072
507081.6
487468.8
466128
445737.6
427939.2
412646.4
400550.4
390009.6
378950.4
381369.6
366163.2
2094336
2445984
1454976
1029888
857606.4
763948.8
1483488
1323648
934848
1054080
1116288
1050624
994464
885600
994464
855878.4
726019.2
766368
749520
676166.4
635299.2
587001.6
549504
534297.6
501206.4
497404.8
461980.8
433555.2
416448
406166.4
390441.6
386467.2
394588.8
386294.4
524361.6
514166.4
729993.6
1062720
653097.6
540864
477446.4
436838.4
411782.4
388627.2
366422.4
351475.2
357091.2
330998.4
315187.2
304732.8
296438.4
289440
289267.2
366854.4
491616
510710.4
748310.4
552700.8
449020.8
390960
324000
306720
290908.8
273283.2
256262.4
244857.6
233020.8
248054.4
238377.6
216691.2
212457.6
205632
214531.2
273628.8
230688
216000
233107.2
225331.2
249177.6
229651.2
214617.6
223689.6
217468.8
202348.8
195091.2
198979.2
219888
198201.6
189216
181094.4
203731.2
227318.4
207446.4
201744
197856
259804.8
253238.4
493171.2
444873.6
330393.6
443923.2
454204.8
354758.4
357350.4
448243.2
411955.2
465350.4
527817.6
381542.4
382838.4
350956.8
480729.6
507945.6
382924.8
378604.8
348192
736646.4
486691.2
414979.2
382665.6
422150.4
469584
541296
668908.8
507686.4
453859.2
401760
369446.4
345340.8
334108.8
522892.8
551923.2
399945.6
356832
360547.2
394848
326073.6
556588.8
1121472
1007424
850435.2
700272
601430.4
530582.4
489196.8
441417.6
434419.2
879552
642297.6
509932.8
451353.6
416188.8
382492.8
357523.2
339033.6
333763.2
313200
305251.2
317001.6
298857.6
294537.6
338688
344649.6
292550.4
287452.8
296784
552787.2
1678752
776736
525830.4
909792
978912
600048
493862.4
563155.2
489542.4
447984
420681.6
392342.4
431481.6
597369.6
432777.6
618451.2
789955.2
538099.2
559612.8
712454.4
851904
702086.4
555379.2
489369.6
429840
397440
386899.2
344044.8
328233.6
313459.2
302745.6
294969.6
291945.6
310089.6
282787.2
290131.2
330393.6
323568
576979.2
833155.2
510192
411523.2
375235.2
353289.6
339033.6
323654.4
309052.8
300240
293068.8
285552
278985.6
273715.2
272246.4
279849.6
266716.8
267235.2
295401.6
287107.2
268012.8
257990.4
255139.2
261878.4
326851.2
325036.8
574214.4
478483.2
593222.4
488592
858816
1090368
792028.8
674524.8
590630.4
955584
1889568
1066176
820627.2
690595.2
693446.4
828230.4
649814.4
589248
713232
644457.6
530582.4
488160
453772.8
425088
432172.8
535852.8
449798.4
460684.8
417139.2
389145.6
374112
369360
379382.4
368496
408758.4
369187.2
347587.2
333072
509673.6
626486.4
529286.4
3452544
3246048
2500416
1891296
1411776
1132704
943488
806976
792633.6
738892.8
635040
592790.4
544406.4
503625.6
498441.6
483235.2
466300.8
877824
869184
767577.6
694310.4
613094.4
672364.8
2588544
1569888
1121472
923616
791337.6
705974.4
640051.2
596246.4
554774.4
535420.8
547430.4
477878.4
449107.2
505440
481593.6
442281.6
610416
561340.8
834883.2
2769120
2054592
1196640
974592
1062720
854236.8
720316.8
656467.2
681782.4
647481.6
610070.4
567993.6
591408
657072
557452.8
692582.4
631411.2
610848
671155.2
774921.6
1578528
1471392
4838400
4401216
2193696
1601856
1349568
1213056
1250208
1444608
1290816
1054080
978912
1045440
945216
803692.8
753580.8
719020.8
648950.4
613094.4
569116.8
606614.4
1538784
1390176
2443392
1453248
1156032
1257984
1578528
1116288
954720
845078.4
750988.8
683769.6
752716.8
1559520
2507328
1073952
791510.4
688867.2
603244.8
549590.4
514771.2
484963.2
456019.2
433123.2
409795.2
398044.8
422668.8
375926.4
372297.6
359769.6
406857.6
375321.6
345081.6
362361.6
323913.6
317433.6
305683.2
296524.8
293241.6
295142.4
285984
323654.4
303523.2
276566.4
265334.4
256780.8
250732.8
276825.6
241833.6
236563.2
232934.4
229996.8
226108.8
224294.4
262742.4
244684.8
217468.8
227491.2
219369.6
239328
402537.6
337219.2
269481.6
226800
472521.6
357264
295833.6
274060.8
289612.8
255312
220233.6
299721.6
289267.2
242524.8
230601.6
257299.2
243388.8
234403.2
211680
207446.4
324777.6
2262816
971136
1208736
826070.4
758160
903744
756950.4
586569.6
509241.6
585792
568944
464486.4
406512
372384
346809.6
334108.8
352339.2
336096
298166.4
282182.4
279849.6
408585.6
376272
1085184
756172.8
529545.6
457747.2
417657.6
1007424
641347.2
529027.2
484531.2
430704
419644.8
424310.4
383529.6
391478.4
373334.4
346464
392774.4
382233.6
320112
298512
346896
339206.4
295142.4
498182.4
501724.8
389491.2
342489.6
583027.2
481680
435801.6
449107.2
504403.2
534643.2
453340.8
442454.4
682473.6
487555.2
428025.6
729043.2
915840
560736
439344
391219.2
384566.4
386208
350179.2
1861920
2041632
1650240
1508544
1262304
966816
789264
655603.2
620870.4
1260576
712627.2
689731.2
715564.8
568425.6
570499.2
559180.8
492566.4
437875.2
403574.4
383875.2
379555.2
466905.6
591321.6
519436.8
908064
901152
711504
771811.2
785462.4
649382.4
866592
642816
554428.8
516153.6
481852.8
453600
425692.8
631238.4
1681344
769392
644371.2
641952
970272
659145.6
607996.8
809568
611884.8
545443.2
916704
1121472
740620.8
1919808
1747872
1048032
1023840
824601.6
725846.4
763862.4
3079296
1685664
2662848
1581984
1219104
2030400
1896480
1460160
1228608
1298592
1341792
1651104
1166400
1117152
985824
815875.2
720748.8
678585.6
623548.8
578966.4
573264
714873.6
639792
559440
554342.4
531964.8
604281.6
2401920
955584
934848
748396.8
661910.4
599270.4
565401.6
578793.6
530755.2
592012.8
571536
563500.8
523756.8
1290816
1478304
4249152
2529792
1605312
1237248
1363392
1682208
1109376
924480
811641.6
733363.2
698630.4
656899.2
611539.2
578880
850867.2
1393632
753235.2
615168
549590.4
519436.8
509760
706060.8
657763.2
605404.8
538704
1521504
984960
1367712
1080864
806112
696643.2
666748.8
1080000
3398112
1783296
1235520
996192
922752
1203552
2117664
