# Generated by from ihu_topmodel.bsh start_date=2010-01-01 end_date=2019-12-31
# dt [h]: Time step
24

################################################################################
# R [m/dt]:  Rainfall
# Ep [m/dt]: Potential evapotranspiration

# R Ep
0.001629 .00022
0.002078 .00026
0.000306 .00032
0.000446 0
0.008860 .00014
0.001768 .00066
0.000161 0
0.000158 .00027
0.000236 .00065
0.000625 .00134
0.001788 .00074
0.001509 .00055
0.003654 .00046
0.003540 0
0.030093 .00013
0.003478 .00036
0.007437 0
0.000236 .00015
0.000632 0
0.000094 .00056
0.009605 .00055
0.000300 .00029
0.005562 .00011
0.001844 .00008
0.000103 .00049
0.000347 .00030
0.000185 .00077
0.003007 .00097
0.000125 .00093
0.000060 .00069
0.000003 .00052
0.007239 .00057
0.002363 .00044
0.000574 .00048
0.000872 .00034
0.005108 .00015
0.000910 0
0.001947 .00040
0.001147 .00072
0.000449 .00105
0.000116 .00101
0.000439 .00074
0.001809 .00074
0.000137 .00039
0.000695 .00036
0.003693 .00046
0.000295 .00032
0.000166 .00022
0.000084 .00037
0.000099 .00045
0.000013 .00060
0.000011 .00044
0.000061 .00097
0.002670 .00077
0.007474 .00076
0.010364 .00091
0.011609 .00032
0.004855 .00061
0.001426 .00067
0.000060 .00103
0.000196 .00087
0.000007 .00071
0.000016 .00055
0.000026 .00095
0.000002 .00040
0.000006 .00087
0.000053 .00096
0.000074 .00094
0.000001 .00097
0.000102 .00122
0.000011 .00063
0.000000 .00103
0.000074 .00139
0.000785 .00062
0.000441 .00109
0.000876 .00135
0.006847 .00214
0.003155 .00190
0.001073 .00019
0.009349 .00151
0.008994 .00099
0.002227 .00182
0.006041 .00124
0.023186 .00105
0.012297 .00168
0.000438 .00188
0.008532 .00178
0.024805 .00089
0.030906 .00066
0.010554 .00171
0.000404 .00202
0.006036 .00155
0.001182 .00174
0.012736 .00171
0.011423 .00127
0.012099 .00188
0.000335 .00208
0.000212 .00130
0.000003 .00191
0.000055 .00286
0.000000 .00224
0.000002 .00250
0.000005 .00156
0.000001 .00223
0.000000 .00096
0.000000 .00275
0.000024 .00282
0.001816 .00156
0.000527 .00179
0.000306 .00265
0.000000 .00262
0.000000 .00250
0.000153 .00316
0.001018 .00355
0.002193 .00215
0.000019 .00319
0.001918 .00252
0.000473 .00256
0.000201 .00234
0.004346 .00245
0.000229 .00229
0.000049 .00183
0.000010 .00216
0.000606 .00334
0.004485 .00235
0.001024 .00116
0.000032 .00274
0.000050 .00305
0.000853 .00298
0.000039 .00247
0.000124 .00252
0.001363 .00294
0.008821 .00313
0.001771 .00305
0.001092 .00358
0.000317 .00179
0.000027 .00311
0.001037 .00433
0.000101 .00373
0.000116 .00395
0.000038 .00470
0.000000 .00528
0.000000 .00540
0.000098 .00262
0.000602 .00288
0.000935 .00212
0.002292 .00306
0.000115 .00363
0.002905 .00217
0.000447 .00226
0.003087 .00396
0.000943 .00122
0.000001 .00437
0.000000 .00499
0.000000 .00497
0.001432 .00499
0.001548 .00193
0.010495 .00280
0.003819 .00184
0.000088 .00087
0.000000 .00325
0.000000 .00399
0.000068 .00366
0.004039 .00101
0.000001 .00319
0.000001 .00448
0.000026 .00456
0.000053 .00557
0.000107 .00368
0.000000 .00178
0.000000 .00363
0.000000 .00529
0.000000 .00567
0.000543 .00531
0.000002 .00387
0.000000 .00471
0.000001 .00496
0.000004 .00500
0.002879 .00480
0.000002 .00404
0.000366 .00573
0.020020 .00353
0.000286 .00525
0.006878 .00568
0.010436 .00392
0.000553 .00426
0.008861 .00374
0.000008 .00306
0.000869 .00455
0.015054 .00390
0.013283 .00433
0.000273 .00416
0.000747 .00188
0.014784 .00358
0.023112 .00282
0.017497 .00397
0.001781 .00325
0.002967 .00358
0.006198 .00345
0.006542 .00430
0.015433 .00206
0.003333 .00437
0.000061 .00220
0.000000 .00461
0.000241 .00438
0.000020 .00380
0.002114 .00317
0.000794 .00296
0.000344 .00274
0.000234 .00271
0.001082 .00401
0.002406 .00390
0.005935 .00301
0.001728 .00341
0.000263 .00302
0.000007 .00296
0.000381 .00357
0.003996 .00195
0.000119 .00248
0.000380 .00383
0.005955 .00352
0.007342 .00389
0.002525 .00299
0.005597 .00363
0.000122 .00096
0.000005 .00344
0.000003 .00341
0.007916 .00310
0.000054 .00352
0.001435 .00346
0.014120 .00355
0.007800 .00339
0.000389 .00335
0.002745 .00349
0.006298 .00169
0.002016 .00304
0.000133 .00303
0.000022 .00292
0.000246 .00331
0.000828 .00278
0.000367 .00285
0.000059 .00202
0.000001 .00263
0.000320 .00239
0.000066 .00281
0.000006 .00277
0.000114 .00263
0.000260 .00252
0.019443 .00266
0.004708 .00227
0.001884 .00197
0.002115 .00261
0.008974 .00218
0.000171 .00265
0.002908 .00248
0.016932 .00156
0.011056 .00300
0.000194 .00275
0.000024 .00262
0.000021 .00241
0.005855 .00249
0.006503 .00146
0.000803 .00211
0.000067 .00213
0.018603 .00213
0.006356 .00177
0.000070 .00156
0.000007 .00184
0.000422 .00191
0.001237 .00070
0.013997 .00109
0.010623 .00032
0.001244 .00154
0.015167 .00042
0.004704 .00147
0.001334 .00004
0.005587 .00131
0.012301 .00106
0.002219 .00145
0.000204 .00108
0.000009 .00051
0.000002 .00088
0.000001 .00086
0.000084 .00082
0.000129 .00061
0.000023 .00074
0.000007 .00095
0.000736 .00106
0.000145 .00129
0.000285 .00121
0.002100 .00116
0.000381 .00104
0.006282 .00153
0.004724 .00142
0.014702 .00110
0.001817 .00069
0.000066 .00139
0.006540 .00117
0.005022 .00086
0.004230 .00126
0.009756 .00109
0.002816 .00071
0.000240 .00097
0.000006 .00036
0.013717 .00087
0.012201 .00104
0.012440 .00106
0.006666 .00051
0.002573 .00066
0.004486 .00037
0.019152 .00052
0.015460 .00161
0.001779 .00171
0.012014 .00104
0.025359 .00074
0.003951 .00132
0.011905 .00085
0.006780 .00025
0.003283 .00023
0.000263 .00009
0.005007 .00113
0.004151 .00107
0.000503 .00025
0.002552 .00015
0.004230 .00067
0.003258 .00076
0.000012 .00076
0.000232 .00082
0.000075 .00081
0.003573 0
0.002430 .00080
0.005471 .00023
0.008927 .00067
0.005319 .00097
0.007098 .00092
0.001271 .00093
0.000952 0
0.000021 0
0.000068 .00012
0.004320 0
0.000011 0
0.000000 .00022
0.000950 .00039
0.000349 .00007
0.000001 .00028
0.000010 .00062
0.000048 .00031
0.000400 .00010
0.005064 .00047
0.001592 .00059
0.000464 .00015
0.001274 .00024
0.002690 .00016
0.000002 0
0.000003 0
0.002178 0
0.000330 .00052
0.000142 .00034
0.000369 .00002
0.008196 .00001
0.011777 .00023
0.003343 .00017
0.001869 0
0.000406 0
0.001257 0
0.000002 .00065
0.000037 .00061
0.002207 .00027
0.016650 .00050
0.003056 .00023
0.000284 .00011
0.007709 .00045
0.000833 .00029
0.002547 .00034
0.028083 .00036
0.004117 .00035
0.006655 .00032
0.004178 .00016
0.011499 .00003
0.038643 .00056
0.000014 .00035
0.000063 0
0.000144 .00024
0.000017 .00028
0.000062 .00008
0.000189 .00013
0.000030 .00005
0.000006 .00012
0.000387 .00049
0.000520 .00017
0.001696 .00049
0.000130 .00066
0.000020 .00003
0.000959 0
0.000436 0
0.003859 .00040
0.003819 .00049
0.010363 .00045
0.029828 .00130
0.034638 .00088
0.003366 .00063
0.032139 0
0.007603 .00065
0.005630 .00059
0.010626 .00064
0.000051 .00018
0.013889 .00035
0.006465 .00033
0.007803 .00041
0.003874 .00054
0.011370 .00068
0.001092 .00062
0.005217 .00038
0.002806 .00083
0.003499 .00065
0.000038 .00069
0.000224 .00091
0.004836 .00071
0.000545 .00057
0.001147 .00067
0.000788 .00071
0.000423 .00070
0.000011 .00083
0.000005 .00079
0.000195 .00070
0.000009 .00073
0.000051 .00037
0.000736 .00061
0.000017 .00083
0.000000 .00101
0.000038 .00104
0.007805 .00143
0.013617 .00140
0.007844 .00166
0.012084 .00167
0.011909 .00130
0.001659 .00053
0.003897 .00112
0.013478 .00076
0.000347 .00086
0.000822 .00139
0.000013 .00165
0.000571 .00154
0.000321 .00142
0.000006 .00158
0.000049 .00160
0.000092 .00180
0.000009 .00212
0.000000 .00125
0.000094 .00114
0.000012 .00156
0.000000 .00175
0.004666 .00211
0.009832 .00132
0.004137 .00181
0.011915 .00162
0.001907 .00176
0.001672 .00216
0.015531 .00136
0.017498 .00178
0.002570 .00252
0.000001 .00266
0.000001 .00268
0.000001 .00251
0.000094 .00285
0.001357 .00166
0.001315 .00261
0.000641 .00217
0.000223 .00245
0.000315 .00233
0.000001 .00247
0.000000 .00301
0.000149 .00276
0.000001 .00298
0.000000 .00279
0.000059 .00283
0.001252 .00307
0.004270 .00338
0.000001 .00343
0.000000 .00274
0.000001 .00173
0.000000 .00268
0.000000 .00264
0.000001 .00222
0.000000 .00295
0.000001 .00285
0.000000 .00296
0.000051 .00329
0.000001 .00344
0.008547 .00290
0.026185 .00305
0.017471 .00295
0.003853 .00293
0.010139 .00362
0.008817 .00332
0.003142 .00348
0.002773 .00341
0.003162 .00293
0.000343 .00321
0.001637 .00283
0.002454 .00222
0.002441 .00309
0.002484 .00315
0.001886 .00370
0.000460 .00325
0.025391 .00377
0.020206 .00365
0.011969 .00298
0.002782 .00372
0.001309 .00381
0.001552 .00395
0.002278 .00361
0.003102 .00285
0.000464 .00328
0.000558 .00185
0.000558 .00411
0.000045 .00380
0.000063 .00493
0.000000 .00461
0.000116 .00215
0.000067 .00261
0.000109 .00410
0.005119 .00398
0.006553 .00387
0.002148 .00411
0.005588 .00381
0.005938 .00223
0.008675 .00351
0.000062 .00416
0.000482 .00478
0.000131 .00378
0.001266 .00450
0.003105 .00356
0.013261 .00209
0.004840 .00430
0.003496 .00469
0.009093 .00391
0.008355 .00366
0.002128 .00347
0.002347 .00391
0.002701 .00359
0.000251 .00496
0.000297 .00451
0.000166 .00432
0.003347 .00449
0.000497 .00416
0.000008 .00418
0.000000 .00496
0.000000 .00532
0.000001 .00516
0.011364 .00395
0.007475 .00383
0.001766 .00399
0.007315 .00424
0.003949 .00402
0.000806 .00455
0.002356 .00439
0.000001 .00420
0.000008 .00360
0.000000 .00396
0.020523 .00306
0.041237 .00166
0.003512 .00280
0.000643 .00427
0.025370 .00445
0.000786 .00278
0.003610 .00429
0.000012 .00393
0.000001 .00320
0.000000 .00293
0.000079 .00212
0.000016 .00181
0.000108 .00390
0.006742 .00455
0.000058 .00331
0.000015 .00409
0.002691 .00325
0.021358 .00409
0.008021 .00404
0.001618 .00430
0.007900 .00348
0.000008 .00381
0.020511 .00159
0.005449 .00264
0.000127 .00286
0.009033 .00298
0.022728 .00101
0.009320 .00150
0.007340 .00212
0.003938 .00322
0.000483 .00229
0.004234 .00356
0.007693 .00234
0.000456 .00314
0.009644 .00289
0.002509 .00345
0.003227 .00386
0.000759 .00353
0.000002 .00307
0.000414 .00286
0.003854 .00344
0.000649 .00267
0.008283 .00080
0.002268 .00204
0.005960 .00249
0.000010 .00184
0.000264 .00271
0.000003 .00167
0.003210 .00183
0.005777 .00244
0.004423 .00237
0.001745 .00260
0.013635 .00271
0.010143 .00295
0.007015 .00299
0.004400 .00229
0.006410 .00218
0.008554 .00193
0.016109 .00246
0.007669 .00265
0.003913 .00313
0.000155 .00270
0.000140 .00237
0.017239 .00114
0.006249 .00206
0.004180 .00175
0.007125 .00195
0.000858 .00229
0.010426 .00197
0.000189 .00250
0.005836 .00196
0.000227 .00164
0.008179 .00173
0.000013 .00190
0.000079 .00206
0.000007 .00203
0.000217 .00230
0.000032 .00259
0.024172 .00252
0.004010 .00068
0.001108 .00161
0.002331 .00191
0.014032 .00172
0.012348 .00207
0.001132 .00196
0.010276 .00099
0.005969 .00121
0.001094 .00103
0.011685 .00151
0.001522 .00040
0.000116 .00112
0.003025 .00110
0.001587 .00144
0.003296 .00108
0.040422 .00160
0.006184 .00159
0.000060 .00151
0.007915 .00117
0.004307 .00121
0.004699 .00143
0.001663 .00106
0.005125 .00112
0.001715 .00058
0.008080 .00084
0.000134 .00060
0.000945 .00083
0.009380 .00125
0.005925 .00076
0.005916 .00045
0.000149 .00060
0.006357 .00081
0.002256 .00045
0.001438 0
0.000137 .00022
0.000142 .00048
0.000753 .00034
0.000596 .00064
0.003648 .00060
0.000197 .00028
0.012743 .00060
0.000396 .00021
0.000045 0
0.000133 .00063
0.000003 .00075
0.001539 .00040
0.013607 .00043
0.001802 .00076
0.000006 .00023
0.001292 0
0.004659 .00031
0.000091 .00002
0.007598 .00063
0.012884 .00082
0.007570 .00115
0.021097 .00096
0.000415 .00124
0.021220 .00064
0.023158 .00076
0.036379 .00119
0.002181 .00097
0.004710 .00041
0.009121 .00108
0.005184 .00092
0.004035 .00080
0.013443 .00062
0.018853 .00100
0.012095 .00103
0.002517 .00074
0.004822 .00035
0.003056 .00034
0.011010 .00055
0.008241 .00130
0.000643 .00113
0.004889 0
0.004099 0
0.000211 .00042
0.000350 .00043
0.006052 .00013
0.007743 .00072
0.002017 .00012
0.005680 .00035
0.001229 .00046
0.007227 .00073
0.001837 .00075
0.003385 .00057
0.010880 .00016
0.011235 .00102
0.005872 .00097
0.011795 .00085
0.007363 .00030
0.000959 .00028
0.019645 .00085
0.007979 .00117
0.026272 .00096
0.000197 .00112
0.002777 .00082
0.000203 .00078
0.002147 .00033
0.000102 .00025
0.000450 .00031
0.002136 .00033
0.000082 .00096
0.000008 .00044
0.000117 0
0.000017 .00018
0.000175 .00029
0.003406 .00032
0.004348 .00062
0.007940 .00102
0.006208 .00102
0.006545 .00086
0.000285 .00087
0.003960 .00075
0.005015 .00031
0.009499 .00034
0.002386 .00063
0.000620 .00028
0.000086 .00007
0.000124 .00018
0.000075 .00089
0.000181 .00122
0.000065 .00111
0.000015 .00058
0.000004 .00042
0.006214 .00058
0.000487 .00030
0.000004 .00032
0.000125 .00075
0.002120 .00040
0.001703 .00027
0.000114 .00053
0.000415 .00044
0.000124 .00047
0.000020 .00071
0.000003 .00094
0.000000 .00096
0.000880 .00054
0.010110 .00086
0.000837 .00121
0.001283 .00127
0.006071 .00076
0.009891 .00089
0.004817 .00092
0.001901 .00107
0.000170 .00121
0.001778 .00115
0.002154 .00078
0.000899 .00059
0.000002 .00111
0.000012 .00093
0.001341 .00088
0.001670 .00064
0.011348 .00076
0.001348 .00036
0.000016 .00136
0.007230 .00149
0.003457 .00149
0.000532 .00144
0.000713 .00144
0.000002 .00131
0.000017 .00140
0.000018 .00131
0.000000 .00101
0.000000 .00116
0.000897 .00135
0.005620 .00160
0.000080 .00153
0.000127 .00115
0.001099 .00171
0.000014 .00182
0.000013 .00137
0.000052 .00167
0.000000 .00184
0.000002 .00179
0.000076 .00197
0.000051 .00224
0.000073 .00233
0.000001 .00247
0.000000 .00237
0.000070 .00233
0.000005 .00110
0.000001 .00218
0.008616 .00175
0.005531 .00087
0.001696 .00280
0.000108 .00268
0.004338 .00129
0.000179 .00210
0.001653 .00150
0.012231 .00147
0.005858 .00198
0.008847 .00193
0.001335 .00185
0.000545 .00239
0.000625 .00229
0.000000 .00226
0.014851 .00296
0.004394 .00203
0.005113 .00150
0.001466 .00154
0.004859 .00228
0.004710 .00261
0.001143 .00242
0.001369 .00236
0.003989 .00259
0.007812 .00180
0.005589 .00238
0.000150 .00261
0.000025 .00282
0.003988 .00141
0.000035 .00285
0.000228 .00192
0.000000 .00244
0.001195 .00252
0.000225 .00178
0.000064 .00268
0.000145 .00350
0.009460 .00254
0.002731 .00319
0.015809 .00343
0.022131 .00108
0.004661 .00245
0.000002 .00420
0.010713 .00247
0.003760 .00333
0.000975 .00274
0.001628 .00338
0.005409 .00267
0.004448 .00253
0.000007 .00194
0.000034 .00319
0.000000 .00257
0.000000 .00368
0.000026 .00403
0.000053 .00419
0.000000 .00415
0.000000 .00395
0.000000 .00448
0.000007 .00495
0.000550 .00373
0.010976 .00336
0.006540 .00188
0.000053 .00384
0.000003 .00265
0.000111 .00369
0.000000 .00382
0.015820 .00309
0.005149 .00325
0.012711 .00378
0.016887 .00200
0.003905 .00308
0.004854 .00386
0.000029 .00329
0.000256 .00379
0.000313 .00403
0.010141 .00423
0.021520 .00190
0.022956 .00272
0.000284 .00280
0.003046 .00451
0.000733 .00442
0.000101 .00467
0.031989 .00080
0.017413 .00287
0.006307 .00308
0.001526 .00359
0.000023 .00327
0.005744 .00391
0.003640 .00442
0.013879 .00341
0.006639 .00392
0.003918 .00424
0.003720 .00260
0.004404 .00320
0.001906 .00456
0.008903 .00335
0.009880 .00457
0.025219 .00179
0.001063 .00466
0.008498 .00317
0.015694 .00253
0.013592 .00233
0.017348 .00279
0.000411 .00338
0.000510 .00376
0.004190 .00353
0.000313 .00391
0.000393 .00288
0.015986 .00350
0.007107 .00383
0.002273 .00375
0.000021 .00390
0.000036 .00426
0.008586 .00441
0.012560 .00373
0.005248 .00449
0.000218 .00341
0.000684 .00234
0.000329 .00440
0.007216 .00404
0.001208 .00384
0.001872 .00373
0.009535 .00415
0.007595 .00305
0.000203 .00376
0.000222 .00431
0.008129 .00445
0.007128 .00407
0.007952 .00364
0.000070 .00355
0.000001 .00374
0.000001 .00378
0.000000 .00386
0.000000 .00340
0.001902 .00328
0.000463 .00311
0.001861 .00349
0.015344 .00286
0.015445 .00363
0.008304 .00255
0.000272 .00356
0.006334 .00292
0.001383 .00326
0.001837 .00325
0.001621 .00345
0.001636 .00260
0.001670 .00239
0.001876 .00213
0.000998 .00278
0.020206 .00212
0.009139 .00325
0.017505 .00139
0.000026 .00207
0.001881 .00322
0.001865 .00288
0.000109 .00304
0.002239 .00285
0.000015 .00331
0.000001 .00246
0.002970 .00301
0.000296 .00281
0.000003 .00265
0.010937 .00306
0.022579 .00220
0.005460 .00263
0.000912 .00166
0.003770 .00182
0.000313 .00268
0.000598 .00251
0.001572 .00159
0.008760 .00246
0.000090 .00240
0.001327 .00226
0.035140 .00161
0.000104 .00201
0.000056 .00167
0.007037 .00194
0.020494 .00143
0.009415 .00119
0.003886 .00159
0.001385 .00170
0.002333 .00185
0.012844 .00212
0.002581 .00095
0.005687 .00145
0.017829 .00141
0.001081 .00148
0.005235 .00148
0.000215 .00161
0.000082 .00112
0.000145 .00118
0.000004 .00126
0.000085 .00106
0.000509 .00136
0.049842 .00148
0.000087 .00143
0.002346 .00095
0.002304 .00086
0.012232 .00103
0.009041 .00097
0.031536 .00082
0.005424 .00097
0.004057 .00072
0.000015 .00076
0.000217 .00049
0.001553 .00029
0.000764 .00064
0.000393 .00032
0.000351 .00079
0.000145 .00156
0.005521 .00162
0.002821 .00062
0.000406 .00034
0.007327 .00077
0.016762 .00118
0.004359 .00056
0.003887 .00104
0.001767 .00024
0.000132 .00021
0.002125 .00068
0.001291 .00042
0.005618 .00071
0.003437 .00078
0.004202 .00079
0.000876 .00033
0.000434 .00025
0.005957 .00027
0.013726 .00043
0.002828 .00041
0.001253 .00035
0.001340 .00037
0.000914 .00027
0.017999 .00052
0.011229 .00090
0.006655 .00020
0.004081 .00004
0.033280 .00045
0.001148 .00070
0.012437 .00019
0.011645 .00033
0.002887 .00036
0.000181 .00092
0.000002 .00109
0.000077 .00036
0.003311 0
0.000010 .00061
0.004885 .00020
0.002604 .00060
0.000558 .00036
0.000158 .00095
0.015181 .00060
0.001201 .00064
0.002609 .00039
0.000014 .00093
0.000081 .00124
0.000125 .00022
0.000795 0
0.000013 0
0.023342 .00069
0.000614 .00046
0.002503 0
0.000658 0
0.000050 0
0.017582 .00060
0.045867 .00102
0.003438 .00065
0.028837 .00027
0.004758 .00052
0.011550 .00022
0.002515 .00002
0.013995 .00045
0.006765 .00037
0.011754 .00063
0.003800 .00036
0.024959 .00093
0.006691 .00056
0.004907 .00066
0.001377 .00050
0.000068 .00033
0.000197 .00024
0.002214 0
0.002780 0
0.006000 .00024
0.000412 .00018
0.000033 .00010
0.000662 .00034
0.000049 .00012
0.000074 .00063
0.004652 .00016
0.000600 0
0.000138 .00032
0.000002 .00008
0.000016 .00009
0.000914 .00091
0.001131 .00117
0.001804 .00102
0.006367 .00105
0.000535 .00056
0.000122 .00064
0.000765 0
0.009926 .00037
0.018448 .00050
0.002606 .00063
0.022248 .00082
0.010275 .00045
0.016772 .00081
0.009343 .00088
0.000733 .00086
0.001786 .00108
0.004151 .00086
0.010235 .00121
0.007938 .00102
0.000007 .00130
0.000016 .00098
0.003949 .00082
0.002016 .00012
0.007233 .00046
0.000055 .00137
0.000631 .00104
0.018199 .00074
0.000296 .00054
0.000077 .00047
0.000203 .00037
0.000001 .00060
0.000091 .00051
0.000086 .00062
0.000018 .00090
0.000004 .00123
0.000001 .00118
0.000130 .00090
0.000611 .00135
0.000026 .00114
0.000003 .00084
0.000012 .00034
0.000082 .00095
0.000003 .00081
0.000000 .00062
0.000000 .00095
0.000021 .00065
0.000012 .00087
0.002614 .00084
0.001703 .00088
0.003603 .00076
0.001831 .00077
0.002551 .00175
0.002676 .00175
0.000005 .00150
0.000003 .00153
0.004820 .00103
0.004126 .00079
0.009159 .00095
0.014886 .00099
0.006250 .00104
0.010693 .00124
0.000584 .00143
0.000424 .00150
0.002092 .00143
0.000160 .00142
0.000278 .00170
0.000129 .00172
0.001431 .00174
0.002013 .00186
0.000441 .00178
0.000018 .00178
0.000005 .00193
0.000000 .00192
0.000007 .00197
0.000141 .00193
0.000053 .00211
0.000661 .00194
0.000121 .00187
0.000000 .00229
0.000035 .00204
0.000005 .00192
0.000157 .00194
0.000148 .00199
0.000147 .00159
0.001388 .00112
0.042608 .00231
0.009459 .00193
0.010142 .00276
0.006180 .00261
0.041140 .00182
0.002772 .00277
0.000056 .00251
0.001776 .00295
0.004632 .00196
0.000357 .00186
0.005650 .00177
0.003056 .00168
0.000839 .00151
0.006259 .00246
0.000497 .00237
0.002536 .00204
0.000849 .00304
0.000036 .00316
0.000969 .00294
0.000627 .00284
0.011698 .00275
0.000175 .00340
0.000620 .00326
0.000004 .00325
0.000143 .00404
0.005678 .00219
0.007240 .00269
0.004666 .00318
0.001919 .00234
0.006276 .00250
0.006393 .00326
0.002753 .00336
0.002367 .00163
0.000274 .00314
0.011198 .00263
0.014087 .00110
0.000048 .00412
0.005954 .00207
0.000001 .00269
0.001156 .00317
0.003555 .00255
0.000082 .00215
0.000000 .00395
0.004709 .00413
0.016150 .00371
0.000212 .00348
0.000976 .00085
0.000021 .00210
0.000004 .00425
0.000047 .00307
0.000019 .00371
0.000002 .00448
0.000000 .00406
0.000028 .00309
0.000009 .00410
0.000000 .00407
0.000202 .00422
0.000173 .00406
0.000000 .00428
0.004829 .00356
0.000587 .00354
0.000001 .00370
0.009193 .00437
0.006204 .00440
0.000004 .00420
0.000005 .00409
0.000000 .00364
0.000004 .00458
0.007275 .00359
0.005515 .00377
0.009875 .00396
0.003109 .00388
0.000004 .00352
0.000056 .00430
0.000019 .00329
0.005983 .00264
0.000605 .00142
0.000217 .00464
0.003406 .00326
0.001364 .00415
0.006768 .00225
0.002897 .00422
0.001546 .00416
0.000000 .00480
0.000000 .00496
0.000000 .00505
0.000001 .00466
0.000000 .00546
0.000000 .00384
0.000000 .00419
0.000000 .00544
0.000000 .00410
0.000000 .00446
0.000000 .00510
0.000055 .00516
0.000000 .00515
0.000000 .00540
0.000001 .00455
0.000000 .00340
0.000002 .00321
0.001281 .00376
0.022705 .00350
0.012098 .00469
0.002328 .00488
0.000160 .00493
0.025297 .00520
0.008329 .00319
0.008344 .00437
0.001219 .00452
0.013452 .00408
0.005127 .00429
0.000840 .00475
0.005975 .00444
0.008068 .00465
0.002625 .00142
0.000003 .00374
0.000132 .00410
0.000460 .00419
0.000132 .00362
0.001217 .00342
0.001528 .00388
0.000600 .00356
0.000008 .00328
0.007252 .00412
0.007042 .00344
0.002406 .00380
0.008037 .00130
0.000752 .00373
0.000004 .00328
0.003136 .00324
0.001973 .00282
0.000056 .00348
0.000703 .00305
0.000469 .00121
0.000053 .00266
0.000002 .00343
0.000342 .00348
0.000182 .00132
0.000162 .00282
0.001396 .00326
0.000119 .00330
0.000560 .00260
0.000019 .00345
0.000000 .00314
0.000000 .00319
0.001996 .00304
0.039081 .00092
0.003019 .00238
0.000384 .00289
0.002126 .00244
0.000003 .00160
0.004292 .00127
0.003683 .00251
0.002311 .00105
0.004220 .00214
0.017670 .00120
0.001580 .00239
0.000363 .00210
0.005547 .00223
0.004588 .00085
0.000114 .00168
0.000136 .00207
0.000072 .00210
0.000368 .00201
0.001051 .00097
0.000890 .00086
0.001828 .00205
0.000274 .00158
0.000004 .00182
0.000000 .00159
0.000000 .00150
0.001180 .00194
0.008811 .00108
0.012080 .00104
0.001996 .00082
0.000165 .00131
0.001816 .00128
0.005394 .00167
0.001619 .00152
0.000371 .00217
0.000037 .00232
0.000002 .00181
0.000223 .00106
0.000915 .00113
0.000624 .00128
0.000064 .00092
0.021500 .00052
0.001107 .00072
0.016312 .00042
0.009905 .00043
0.008948 .00074
0.031091 .00024
0.017923 .00055
0.002073 .00096
0.006779 .00102
0.013759 .00041
0.015235 .00083
0.006975 .00117
0.002833 .00090
0.000186 .00118
0.010261 .00119
0.006499 .00090
0.000092 .00108
0.023943 .00044
0.000017 .00135
0.000167 .00057
0.007064 .00013
0.001355 .00090
0.000851 .00106
0.001511 .00068
0.001535 .00042
0.004006 .00043
0.001714 .00068
0.000463 .00085
0.003378 .00101
0.000005 .00121
0.000052 .00062
0.000156 .00028
0.003980 .00020
0.000022 .00040
0.011166 .00069
0.003206 .00103
0.000161 .00102
0.000079 .00053
0.000273 .00025
0.000001 .00099
0.000152 .00053
0.000544 .00013
0.000068 .00014
0.003563 .00028
0.000021 .00083
0.000074 .00089
0.000005 .00001
0.000434 0
0.002287 .00046
0.019362 .00074
0.002797 .00117
0.002029 .00091
0.004386 .00034
0.012327 .00069
0.000025 .00035
0.000474 .00004
0.002499 .00019
0.011602 .00108
0.005714 .00020
0.025596 .00079
0.024039 .00035
0.000654 .00072
0.004454 .00069
0.018503 .00069
0.000550 .00076
0.029427 .00096
0.027238 .00043
0.000970 .00102
0.048302 .00057
0.009891 .00112
0.000042 .00073
0.026793 0
0.020328 .00112
0.002960 .00073
0.038185 .00056
0.024432 .00061
0.010500 .00039
0.020293 .00035
0.013236 .00038
0.011604 .00073
0.003298 .00038
0.024399 .00053
0.021067 .00039
0.008834 .00051
0.000184 .00039
0.000163 .00004
0.004380 .00048
0.000325 .00047
0.003989 .00053
0.006512 .00011
0.006851 .00006
0.015906 .00031
0.002570 .00003
0.000967 .00023
0.012916 .00008
0.000857 0
0.000289 0
0.010713 .00032
0.005690 .00030
0.000683 .00049
0.006068 .00059
0.019998 .00052
0.018243 .00057
0.007685 .00031
0.005711 .00023
0.001826 .00072
0.000034 .00080
0.013691 .00065
0.035719 .00094
0.002573 .00096
0.003756 .00068
0.014510 .00071
0.010800 .00082
0.000565 .00057
0.016433 .00044
0.019637 .00097
0.002149 .00087
0.004072 .00072
0.001522 .00052
0.027739 .00092
0.005851 .00153
0.027520 .00073
0.003742 .00052
0.000324 .00099
0.006809 .00059
0.004527 .00070
0.010976 .00069
0.005912 .00091
0.005872 .00096
0.021753 .00137
0.033413 .00117
0.010386 .00114
0.006951 .00107
0.017921 .00098
0.002609 .00113
0.000496 .00067
0.011462 .00102
0.010332 .00103
0.000280 .00089
0.000068 .00109
0.001577 .00105
0.027434 .00119
0.001007 .00145
0.000301 .00144
0.006822 .00158
0.000064 .00118
0.000092 .00121
0.000087 .00135
0.000010 .00148
0.000260 .00138
0.000087 .00140
0.000710 .00168
0.003029 .00155
0.003889 .00110
0.003515 .00158
0.022851 .00151
0.020378 .00202
0.001406 .00169
0.000295 .00176
0.000817 .00200
0.000790 .00167
0.002200 .00156
0.001662 .00161
0.005897 .00113
0.000027 .00143
0.000002 .00144
0.010453 .00103
0.002117 .00183
0.004862 .00166
0.007048 .00117
0.000957 .00129
0.007629 .00149
0.007274 .00204
0.008833 .00140
0.004283 .00225
0.000600 .00214
0.000340 .00183
0.000275 .00241
0.000642 .00163
0.002844 .00181
0.000057 .00242
0.000000 .00263
0.000841 .00277
0.000261 .00228
0.000056 .00254
0.000002 .00234
0.000000 .00208
0.000008 .00213
0.003484 .00093
0.001647 .00292
0.001399 .00313
0.016077 .00127
0.000255 .00203
0.005791 .00108
0.000135 .00320
0.000142 .00322
0.012488 .00313
0.000911 .00125
0.000053 .00316
0.000715 .00335
0.000562 .00266
0.004692 .00301
0.003340 .00322
0.009616 .00273
0.003126 .00229
0.005431 .00304
0.005924 .00284
0.007593 .00273
0.004212 .00323
0.000710 .00353
0.000223 .00375
0.000067 .00325
0.000005 .00416
0.000002 .00443
0.000288 .00441
0.000410 .00356
0.004796 .00320
0.000344 .00406
0.001500 .00117
0.000366 .00134
0.004728 .00242
0.011494 .00347
0.000981 .00407
0.000428 .00121
0.009969 .00071
0.000002 .00252
0.000001 .00442
0.000000 .00444
0.003339 .00483
0.001485 .00344
0.003986 .00429
0.016512 .00223
0.000282 .00247
0.000065 .00462
0.015992 .00257
0.000252 .00449
0.007633 .00363
0.002339 .00497
0.000907 .00474
0.000165 .00490
0.000584 .00457
0.006936 .00400
0.000051 .00406
0.000001 .00292
0.000319 .00400
0.000469 .00414
0.000052 .00418
0.000000 .00476
0.000002 .00455
0.000000 .00507
0.000428 .00480
0.000645 .00403
0.000967 .00455
0.000075 .00488
0.000540 .00408
0.000275 .00448
0.000003 .00404
0.000107 .00471
0.000042 .00496
0.003096 .00419
0.002062 .00398
0.007635 .00283
0.001615 .00357
0.005675 .00221
0.008390 .00460
0.001275 .00425
0.000000 .00362
0.000000 .00318
0.000001 .00427
0.008453 .00526
0.000022 .00427
0.003835 .00455
0.000332 .00355
0.006323 .00473
0.000000 .00500
0.000519 .00382
0.010155 .00255
0.000048 .00422
0.000000 .00437
0.000000 .00471
0.000002 .00424
0.000001 .00384
0.000000 .00399
0.004448 .00488
0.001590 .00418
0.000060 .00449
0.001190 .00373
0.001366 .00434
0.004668 .00451
0.001953 .00264
0.023405 .00295
0.004784 .00377
0.000000 .00422
0.012153 .00457
0.009380 .00399
0.000138 .00374
0.014298 .00422
0.001632 .00364
0.014042 .00160
0.002761 .00362
0.011894 .00332
0.000139 .00374
0.016524 .00335
0.000170 .00331
0.003016 .00330
0.000616 .00351
0.000209 .00305
0.000132 .00297
0.004143 .00332
0.004689 .00264
0.001025 .00283
0.000477 .00283
0.000001 .00313
0.000051 .00287
0.000001 .00299
0.005402 .00277
0.015186 .00261
0.007840 .00265
0.000197 .00266
0.001808 .00297
0.000001 .00214
0.000071 .00273
0.000000 .00180
0.000001 .00268
0.001448 .00268
0.000012 .00176
0.000176 .00226
0.000069 .00235
0.000000 .00283
0.000000 .00241
0.000070 .00234
0.000008 .00223
0.000000 .00222
0.000548 .00202
0.002732 .00136
0.000031 .00191
0.000149 .00167
0.000293 .00223
0.000333 .00174
0.000194 .00074
0.000070 .00178
0.000778 .00185
0.002058 .00075
0.000147 .00160
0.001323 .00175
0.000001 .00216
0.000118 .00191
0.000639 .00139
0.000000 .00171
0.003667 .00188
0.000308 .00139
0.004298 .00183
0.080745 .00233
0.001712 .00081
0.020731 .00176
0.004358 .00160
0.000662 .00131
0.006647 .00142
0.005476 .00123
0.003930 .00131
0.000598 .00095
0.000437 .00094
0.000771 .00161
0.000020 .00123
0.003724 .00149
0.004199 .00056
0.028210 .00104
0.029208 .00118
0.006479 .00133
0.010178 .00104
0.001014 .00186
0.002074 .00146
0.001683 .00108
0.001421 .00080
0.000991 .00119
0.010145 .00134
0.019775 .00137
0.020442 .00104
0.000989 .00054
0.002169 .00092
0.006345 .00080
0.019922 .00129
0.008671 .00099
0.008818 .00070
0.008151 .00006
0.000998 .00094
0.018621 .00069
0.000315 .00059
0.007715 .00064
0.001186 .00022
0.000325 0
0.012826 .00056
0.005342 .00039
0.007269 .00054
0.018665 .00012
0.000025 0
0.007679 .00013
0.002004 .00039
0.000885 0
0.002317 .00024
0.000156 0
0.008659 .00020
0.002201 .00025
0.000164 .00019
0.000033 .00043
0.000427 0
0.002168 .00033
0.001658 .00022
0.000697 .00028
0.000857 .00048
0.000126 .00026
0.001048 .00022
0.000004 .00080
0.000279 0
0.000020 0
0.000073 .00036
0.016307 .00046
0.016919 .00082
0.001558 .00089
0.025974 .00064
0.019756 .00150
0.008635 .00126
0.003771 .00072
0.003030 .00051
0.004546 .00057
0.000624 .00049
0.009547 .00059
0.002590 .00042
0.009627 .00039
0.005937 .00099
0.001020 .00099
0.035936 .00061
0.008598 .00074
0.004198 .00033
0.005778 .00059
0.000036 .00018
0.000266 0
0.000278 .00005
0.000014 0
0.000388 .00002
0.000014 .00032
0.005848 .00018
0.034440 .00060
0.004671 .00115
0.000061 .00085
0.000117 .00028
0.011904 0
0.004418 .00033
0.022003 .00054
0.015869 .00078
0.024566 .00113
0.014162 .00132
0.025222 .00105
0.004163 .00115
0.000126 .00096
0.031688 .00116
0.012621 .00186
0.003135 .00146
0.002825 .00077
0.000716 .00058
0.000017 .00036
0.000137 .00027
0.000250 .00085
0.000165 .00017
0.008397 .00055
0.000893 .00129
0.006063 .00071
0.000675 .00095
0.011079 .00080
0.007743 .00132
0.001233 .00105
0.002023 .00074
0.000195 .00142
0.000003 .00149
0.000002 .00120
0.000484 .00081
0.000183 .00131
0.000002 .00054
0.000018 .00033
0.000057 .00049
0.000099 .00073
0.000063 .00029
0.000135 .00013
0.000148 .00059
0.000824 .00073
0.001484 .00065
0.000145 .00037
0.008945 .00049
0.000623 .00063
0.001405 .00113
0.009520 .00084
0.001464 .00088
0.001217 .00101
0.000344 .00120
0.013423 .00081
0.013413 .00177
0.002384 .00187
0.018147 .00133
0.002620 .00108
0.004417 .00152
0.022498 .00124
0.002861 .00163
0.004481 .00160
0.005443 .00187
0.000268 .00168
0.000123 .00100
0.011932 .00142
0.009235 .00162
0.000428 .00133
0.008668 .00123
0.000108 .00154
0.011978 .00125
0.033896 .00140
0.000230 .00135
0.000000 .00166
0.000377 .00159
0.001535 .00119
0.000601 .00107
0.000052 .00117
0.000015 .00169
0.000018 .00161
0.000075 .00138
0.000571 .00163
0.000192 .00172
0.001471 .00145
0.007297 .00168
0.000127 .00138
0.012121 .00200
0.008178 .00114
0.005255 .00134
0.015768 .00219
0.004158 .00259
0.002033 .00206
0.005649 .00209
0.001883 .00104
0.000139 .00186
0.000042 .00236
0.000059 .00212
0.000078 .00232
0.000001 .00258
0.000066 .00257
0.003375 .00281
0.008938 .00246
0.005587 .00126
0.000660 .00244
0.004321 .00235
0.000144 .00177
0.000004 .00258
0.000000 .00238
0.000114 .00257
0.000107 .00206
0.000131 .00304
0.000000 .00281
0.000000 .00274
0.000001 .00339
0.009953 .00315
0.000264 .00074
0.000169 .00336
0.006729 .00349
0.011247 .00297
0.006482 .00296
0.000338 .00262
0.000002 .00295
0.014740 .00296
0.014897 .00124
0.006109 .00349
0.024756 .00172
0.005502 .00206
0.000153 .00264
0.011055 .00289
0.001729 .00158
0.011775 .00257
0.004031 .00362
0.001422 .00341
0.000008 .00321
0.000052 .00233
0.002019 .00389
0.000956 .00278
0.007950 .00267
0.004098 .00298
0.000478 .00349
0.000306 .00394
0.000210 .00381
0.000007 .00293
0.001559 .00386
0.000120 .00308
0.000002 .00226
0.000000 .00275
0.009683 .00258
0.002189 .00371
0.002914 .00345
0.010471 .00417
0.001167 .00269
0.029350 .00376
0.000869 .00341
0.000012 .00444
0.000004 .00422
0.004305 .00375
0.005331 .00331
0.000002 .00406
0.000015 .00393
0.000000 .00444
0.000000 .00453
0.000000 .00436
0.000137 .00421
0.001071 .00336
0.000102 .00250
0.001434 .00444
0.001091 .00402
0.000027 .00225
0.000050 .00349
0.000406 .00263
0.004634 .00200
0.003593 .00395
0.000453 .00179
0.000316 .00293
0.001216 .00307
0.003890 .00225
0.001442 .00360
0.007669 .00463
0.000799 .00285
0.000514 .00399
0.000003 .00509
0.002063 .00481
0.000450 .00451
0.020129 .00456
0.001610 .00355
0.000255 .00378
0.020262 .00389
0.007891 .00462
0.003718 .00227
0.000483 .00470
0.001382 .00539
0.005846 .00535
0.005075 .00436
0.002534 .00136
0.000018 .00320
0.000001 .00362
0.016830 .00431
0.003308 .00323
0.013978 .00456
0.001009 .00327
0.003567 .00298
0.006056 .00366
0.002411 .00403
0.000938 .00421
0.004619 .00341
0.002860 .00346
0.014928 .00359
0.013033 .00088
0.007930 .00164
0.004613 .00317
0.000826 .00382
0.005808 .00359
0.002927 .00439
0.002435 .00377
0.007968 .00339
0.001383 .00357
0.008713 .00418
0.000258 .00370
0.000224 .00409
0.000896 .00445
0.000680 .00372
0.003912 .00399
0.000065 .00345
0.000053 .00406
0.008146 .00365
0.006416 .00077
0.000011 .00356
0.000004 .00391
0.000000 .00317
0.001413 .00102
0.004348 .00391
0.007045 .00336
0.002037 .00286
0.018337 .00274
0.005549 .00347
0.000002 .00300
0.004452 .00358
0.004752 .00319
0.001174 .00340
0.004773 .00361
0.000675 .00347
0.000009 .00291
0.000067 .00166
0.001842 .00308
0.000086 .00288
0.000126 .00153
0.000553 .00209
0.000000 .00208
0.000068 .00316
0.000079 .00093
0.000067 .00197
0.000001 .00138
0.000000 .00205
0.005108 .00221
0.010532 .00101
0.000508 .00245
0.007387 .00164
0.000048 .00041
0.000032 .00207
0.003669 .00213
0.000057 .00207
0.000006 .00211
0.008907 .00168
0.001814 .00058
0.000077 .00195
0.002490 .00179
0.002228 .00271
0.000004 .00240
0.000069 .00175
0.000061 .00162
0.000014 .00161
0.000127 .00152
0.000072 .00139
0.000022 .00167
0.000091 .00177
0.000005 .00093
0.000073 .00139
0.015796 .00080
0.002090 .00068
0.000744 .00085
0.000145 .00137
0.000059 .00119
0.000016 .00102
0.000766 .00151
0.002371 .00078
0.000157 .00130
0.000084 .00137
0.000015 .00156
0.000203 .00176
0.000008 .00176
0.000009 .00139
0.000176 .00112
0.004737 .00116
0.001196 .00128
0.000001 .00168
0.015475 .00121
0.001179 .00099
0.000451 .00139
0.000002 .00115
0.002547 .00047
0.017545 .00037
0.005394 .00046
0.005866 .00039
0.001384 .00060
0.000206 .00026
0.000153 .00035
0.007838 .00050
0.001129 .00020
0.004260 .00016
0.005668 .00029
0.012748 .00004
0.033028 .00072
0.015271 .00145
0.013196 .00159
0.001604 .00030
0.015313 .00109
0.020049 .00190
0.032103 .00133
0.015503 .00078
0.000537 .00178
0.015048 .00093
0.014277 .00093
0.004643 .00147
0.005710 .00123
0.001371 .00140
0.000206 .00098
0.005145 .00095
0.001043 .00062
0.000093 .00119
0.002434 .00041
0.013000 .00067
0.029729 .00131
0.015656 .00155
0.007318 .00075
0.006061 .00070
0.002727 .00065
0.041679 .00039
0.040493 .00125
0.039035 .00178
0.005521 .00135
0.011908 .00052
0.010779 .00078
0.022694 .00143
0.002272 .00121
0.007480 .00121
0.006033 .00059
0.001984 .00031
0.000420 .00004
0.002909 .00030
0.005931 .00028
0.003419 .00050
0.014532 .00070
0.022673 .00076
0.006915 .00084
0.025907 .00134
0.004969 .00083
0.023663 .00127
0.002015 .00122
0.038838 .00100
0.022741 .00037
0.000612 .00054
0.004235 .00041
0.040160 .00055
0.016386 .00109
0.012341 .00086
