# From nrfa_download_flow.R for 21007 ideal start_date=2010-01-01 end_date=2020-12-31
# Q [m^3/d]
68.89
54.31
31.59
21.58
19.66
35.98
70.14
60.86
71.54
83.56
70.23
100.5
40.76
54.05
79.92
42.94
27.56
20.35
15.92
12.62
10.68
9.299
22.77
19.72
22.77
23.53
16.35
32.11
18.97
14.41
12.01
9.829
8.523
7.386
6.7
6.371
6.191
5.769
6.243
8.176
7.228
6.45
6.024
5.948
6.581
5.979
12.02
7.982
8.305
21.31
12.02
9.133
13.1
20.48
18.75
17.09
55.02
24.5
47.37
47.39
25.53
18
16.01
16.05
14.95
33.15
35.44
28.61
21.71
28.44
66.29
50.79
27.07
19.15
15.12
12.77
10.8
9.51
8.501
7.517
6.788
6.223
5.721
5.405
6.334
5.759
17.71
17.27
24.59
26.65
16.95
12.98
14.2
11.6
9.418
7.984
7.022
6.502
5.912
5.411
5.726
11.2
8.367
6.8
7.101
6.092
5.342
4.814
4.432
4.131
3.8
3.694
3.529
3.445
4.658
3.756
3.449
4.217
10.12
8.361
5.672
4.916
39.14
22.94
35.37
59.11
28.32
20.48
21.09
25.25
35.14
20.89
15.08
12.04
10.88
9.604
8.279
11.51
9.806
8.018
7.433
6.784
5.822
5.171
5.241
5.261
4.843
5.786
4.669
4.168
7.194
27.35
21.06
11.22
8.351
6.552
9.384
9.149
7.192
6.18
5.489
4.949
4.319
4.124
4.09
3.843
3.636
3.435
3.184
3.096
2.984
3.277
3.315
2.974
2.791
3.1
2.952
3.033
4.832
4.277
3.082
2.791
3.027
2.496
9.572
6.178
6.578
22.46
12.39
8.429
5.591
4.544
7.152
6.469
6.407
4.691
3.996
10.96
9.589
22.04
11.12
12.58
11.03
8.081
7.118
7.522
9.853
19.34
26.77
20.67
15.58
12.28
13.16
10.66
9.634
15
11.23
19.1
10.32
7.769
6.98
7.416
6.181
4.707
4.292
6.323
5.833
4.475
4.011
3.821
3.709
4.733
11.14
18.9
22.19
14.15
10.51
9.944
10.26
9.096
9.867
7.746
6.493
5.803
7.425
7.103
5.595
4.686
4.097
3.646
3.415
3.298
3.123
2.989
5.242
5.026
5.058
6.162
4.578
4.044
4.366
3.78
3.558
6.107
5.326
4.213
4.144
3.948
3.658
3.409
3.192
3.036
2.897
2.793
2.696
2.612
2.563
3.592
8.355
6.186
4.648
4.036
3.72
3.487
3.343
3.374
3.229
3.077
2.987
2.91
2.824
2.742
2.73
3.052
3.233
2.949
16.78
8.997
6.47
5.401
19.05
24.13
15.05
16.51
12.57
10.29
8.277
10.53
10.37
15.71
32.47
64.44
87.59
74.33
54.11
44.55
48.63
64.87
114.2
74.62
48.8
62.84
43.15
31.07
22.65
18.38
16.25
17.62
14.63
11.82
23.47
45.33
77.77
42.38
47.08
46.96
75.07
105.4
296.4
131.9
75.99
64.58
102.9
70.64
42.93
35.44
26.84
23.97
21.14
20.64
37.14
35.49
75.72
90.41
59.39
94.65
44.09
76.78
47.73
135.2
75.43
49.62
44
228.4
102.9
63.82
54.56
67.01
69.69
110.9
81.01
86.94
50.6
52.96
88.49
60.1
48.1
35.33
26.54
20.59
16.62
14.45
12.98
12.49
11.49
11.51
80.36
47.55
42.49
39.19
171.7
133.9
71.72
85.42
49.47
44.85
78.1
43.99
27.88
22.81
33.57
42.01
51.11
52.59
42.12
27.52
18.68
14.61
12.85
10.92
8.44
24.74
70.91
30.34
28.36
31.86
25.32
17.96
13.32
10.08
8.451
7.534
6.512
5.798
5.549
30.27
15.74
10.63
14.23
13.85
9.643
8.129
8.06
13.72
9.575
7.904
7.608
6.787
5.942
5.301
4.988
4.648
4.239
3.913
3.623
3.381
3.148
2.98
3.117
3.099
36.87
39.03
27.92
17.44
15.97
13.7
22.85
27.57
18.95
21.76
23.12
18.65
14.98
11.9
13.81
13.78
10.23
16.15
17.04
13.04
11.14
9.706
8.23
7.207
6.17
5.451
4.911
4.442
4.091
3.927
3.755
3.677
3.563
3.596
6.495
6.062
8.285
14.85
11.2
7.126
5.512
4.971
4.606
4.254
3.797
3.484
3.15
2.854
2.651
2.486
2.292
2.153
2.052
3.052
4.214
5.536
10.57
5.835
4.171
3.411
2.92
2.963
2.847
2.537
2.208
1.978
1.784
1.59
1.459
1.328
1.24
1.155
2.675
2.33
1.885
1.345
1.2
1.229
1.675
1.8
1.639
1.31
1.158
1.133
1.042
1.033
3.364
1.936
1.316
1.055
1.073
2.308
1.849
1.523
1.252
3.163
4.036
8.496
9.924
6.085
9.653
12.25
6.657
7.245
15.74
13.38
17.27
13.09
8.407
6.374
5.296
4.814
6.137
4.315
3.791
3.465
22.93
10.1
6.832
5.778
5.66
7.026
6.135
12.25
7.094
8.001
5.218
4.084
3.444
3.052
10.87
13.59
6.762
4.981
4.944
7.962
4.637
4.989
14.55
11.47
11.25
7.211
5.618
4.532
3.754
3.234
3.631
22.58
13.72
8.398
6.83
5.618
4.587
4.021
3.43
3.272
2.835
2.42
2.318
2.151
2.355
2.612
3.247
2.474
2.294
2.716
13.17
70.28
41.06
16.9
14.53
17.2
10.93
8.842
7.877
6.333
5.512
4.883
4.296
4.509
13.67
8.105
6.6
10.22
8.025
10.26
12.8
19.77
14.19
10.13
8.107
7.028
6.253
5.654
5.166
4.828
4.555
4.305
4.126
4.178
4.165
4.415
4.854
6.457
6.673
17.48
23.71
11.99
8.995
7.713
7.014
6.825
6.344
5.796
5.398
5.134
4.922
4.617
4.458
4.331
4.668
4.22
4.03
3.939
3.797
4.868
4.704
4.206
4.961
8.778
8.376
21.65
12.03
13.02
11.55
18.99
25
14.38
10.72
9.074
14.27
35.28
17.47
12.07
9.651
8.787
9.55
8.426
7.459
7.098
6.853
6.137
5.718
5.323
4.895
5.029
8.952
8.337
8.317
7.336
6.129
5.588
5.676
6.774
6.022
6.458
6.739
5.973
5.487
6.596
15.76
10.9
83.1
64.69
52.92
37.27
23.5
15.74
12.48
10.34
10.08
10.76
8.978
8.248
7.418
6.656
6.508
6.281
5.938
13.6
14.34
10.55
9.098
7.963
7.908
42.93
24.92
15.23
11.58
9.646
8.526
7.675
7.191
6.652
6.386
8.089
6.465
5.58
6.252
6.552
6.178
17.06
14.03
11.09
21.07
33.96
18.98
13.81
22.64
15.65
11.92
9.902
13.26
11.9
11.89
11.04
10.19
12.62
9.785
13.44
11.93
9.853
10.78
15.79
40.09
27.14
83.49
83.47
45.91
29.49
22.71
18.89
22.4
38.11
30.71
20.71
15.7
17.49
16.45
12.44
11.2
11.1
9.387
8.551
7.606
7.971
22.6
24.26
56.42
32.47
18.65
40.02
49.73
27.04
17.82
13.7
11.12
9.577
15.39
40.66
56.26
33.4
19.87
14.18
13.4
10.09
8.822
7.985
7.266
6.673
6.083
5.75
5.452
5.092
4.875
4.696
5.223
5.252
4.606
4.281
4.06
3.854
3.683
3.497
3.412
3.367
3.287
3.137
3.071
3.052
2.951
2.775
2.694
2.577
2.432
2.355
2.288
2.255
2.205
2.136
2.087
2.02
2.024
2.188
2.421
3.215
14.5
6.705
4.578
3.742
4.156
5.941
4.823
4.697
3.89
3.373
2.975
4.985
5.93
3.92
3.542
3.209
2.808
3.152
2.87
2.553
7.37
28.51
19.85
32.39
22.6
20.08
21.39
18.37
10.88
8.501
9.161
10.39
7.655
6.236
5.313
4.669
4.351
4.052
4.074
3.878
3.33
3.127
12.21
8.672
15.97
12.71
8.438
6.753
5.862
24.71
16.97
10.97
9.51
7.964
6.649
6.636
6.499
5.294
4.727
4.674
4.906
6.09
4.372
3.732
3.538
3.798
3.589
5.092
6.123
5.033
4.104
16.2
13.37
12.03
9.171
9.509
9.77
8.456
8.768
17.2
9.983
7.685
11.06
20.65
10.93
8.123
6.819
6.292
6.281
5.462
14.61
29.61
21.92
30.26
32.32
17.32
11.78
9.157
8.087
17.16
10.16
9.503
10.14
7.917
7.322
7.724
6.333
5.58
5.051
4.608
4.334
5.081
7.682
6.453
10.1
14.04
10.05
11.59
12.26
8.763
13.31
10.06
7.653
6.648
6.123
5.687
5.129
7.073
25.71
11.27
9.762
11.93
33.56
15.59
13.8
21.31
13.64
13.26
18.87
22.46
14.18
20.97
27.23
15.22
12.95
10.4
8.99
8.516
42.95
25.03
54.41
26.7
18.7
34.06
40.65
32.19
27.61
28.67
24.54
23.14
17.57
15.99
14.05
10.99
9.314
8.577
7.794
7.121
6.933
8.234
8.31
6.893
6.435
6.092
6.589
26.16
11.81
11.87
9.304
7.954
6.989
6.346
6.73
6.137
6.894
6.681
7.418
6.381
17.07
21.09
63.46
43
23.18
16.28
14.14
20.65
13.67
10.45
8.813
7.833
7.471
6.916
6.327
5.948
11.76
30.35
12.18
8.964
7.081
6.454
6.611
11.5
9.567
8.489
7.141
18.81
12.97
12.71
12.97
9.714
8.272
7.819
17.28
61.42
32.95
19.05
13.57
11.21
16.72
33.22
18.92
30.99
56.09
44.74
29.58
21.29
15.17
11.68
10.74
9.79
8.884
8.163
7.416
16.13
31.27
16.68
13.3
11.53
10.39
9.273
9.444
46.64
176.6
160
58.97
36.08
36.93
38.52
39.06
24.32
30.42
19.68
15.98
14.84
13.3
11.57
10.37
9.151
13.55
12.68
22.2
21.44
14.38
14.41
17.31
22.25
19.51
31.85
25.28
38.41
23.11
16.48
13.26
11.07
9.489
8.342
7.501
6.936
6.249
6.091
6.142
6.143
6.013
8.708
19.9
25.85
27.89
22.55
52.19
55.2
38.26
30.92
27.68
42.8
39.08
24.13
18.07
15.18
12.97
12.6
17.43
36.3
20.09
14.85
12.08
15.64
12.57
10.45
10.14
10.72
9.705
11.11
30.27
61.44
45.65
42.94
36.54
25.16
19.06
15.48
13.25
12.15
14.63
11.87
11.5
15.45
41.1
27.46
20.86
15.31
12.1
11.09
11.75
11.51
10.94
11.24
9.185
7.974
7.155
6.456
6.287
16.47
9.019
8.492
7.159
6.314
5.607
5.212
5.718
8.212
5.731
6.961
9.877
6.446
5.302
4.655
4.222
3.907
3.578
3.299
3.081
2.888
2.822
2.614
2.396
2.246
2.114
2.028
1.967
2.354
2.851
13.62
22.73
18.59
10.9
7.993
5.934
4.541
3.896
3.869
7.054
5.861
4.37
3.833
18.43
7.418
9.634
8.753
6.619
11.83
42.28
14.17
9.268
7.282
6.01
5.038
4.324
3.804
3.366
2.985
2.693
2.418
2.24
2.099
2.71
3.192
1.552
1.43
1.356
1.325
1.311
1.985
2.752
1.145
1.135
1.015
1.039
1.129
1.662
2.496
1.036
1.039
0.954
0.876
0.887
1.489
2.282
0.993
1.849
6.855
6.424
4.671
4.417
11.38
6.41
4.454
3.304
2.841
3.791
3.679
2.938
2.509
2.435
6.322
14.13
6.446
6.387
7.602
5.255
6.048
13.28
7.989
6.268
7.5
7.538
7.355
5.732
5.197
6.05
5.52
4.502
3.851
3.431
3.134
3.431
8.408
6.965
4.81
4.095
3.862
3.463
3.886
8.408
24.5
10.05
7.685
7.451
7.837
19.16
10.66
11.45
41.67
22.96
21.88
13.93
10.46
8.528
7.371
12.08
10.74
7.752
6.505
5.73
5.236
5.004
4.476
4.304
4.671
4.207
3.891
9.416
12.53
9.824
7.891
39.43
84.62
41.75
20.28
14.7
12.19
10.01
8.75
8.11
8.099
7.368
6.46
5.835
5.344
5.113
4.681
4.474
4.264
4.105
4.368
8.774
6.383
45.2
41.89
20.34
14.3
14.4
18.32
32.46
45.86
33.76
75.19
43.67
68.41
34.24
21.87
16.2
13.28
11.46
12.76
25.72
17.22
15.27
12.92
12.04
11.34
13.58
75.33
105.1
54.94
29.72
27.54
23.82
16.95
18.58
22.13
37.38
28.33
20.67
15.23
13.09
11.39
9.801
8.565
11.35
30.12
25.14
60.56
38.73
27.52
20.12
16.66
14.38
11.96
10.68
9.837
8.799
8.164
11.13
9.282
8.089
7.254
6.535
6.135
5.832
5.517
5.227
5.759
5.308
4.81
4.559
4.368
4.433
4.457
4.129
3.979
4.276
4.364
3.768
3.72
3.585
4.227
8.695
5.469
4.796
8.924
14.54
10.71
7.3
6.493
5.613
4.988
4.373
4.102
4.436
16.02
15.21
18.69
14.34
72.23
47.34
22.44
14.91
12.37
12.83
10.75
8.945
8.172
8.227
11.9
12.1
28.76
21.15
13.7
12.91
9.431
7.181
6.445
5.965
5.583
5.29
12.62
14.4
23.04
33.47
78.7
42.24
35.64
31.03
24.31
37.27
108.7
61.34
60.59
34.74
74.61
41.73
27.61
21.14
14.14
10.22
11.62
10.57
8.666
7.519
6.727
6.123
5.622
5.174
4.812
4.471
5.068
6.515
10.08
22.19
19.46
13.87
11.53
9.748
8.285
7.299
6.591
5.975
5.47
5.076
4.739
4.476
4.24
4.001
3.763
3.517
3.309
3.112
2.979
2.921
3.163
3.9
5.332
5.842
4.449
3.873
3.703
3.599
3.391
3.191
3.003
2.979
3.037
4.512
5.873
4.269
4.097
3.445
3.002
2.723
2.526
2.339
2.201
2.291
2.414
2.352
2.118
1.862
1.696
1.557
1.531
1.643
1.975
2.071
2.145
4.297
11.09
9.345
9.525
8.887
9.056
25.57
12.36
9.065
10.34
8.241
6.616
5.531
5.267
15.48
10.63
7.853
6.778
7.787
6.533
5.344
4.68
4.132
3.693
3.561
5.649
4.893
4.121
3.487
3.011
2.901
3.138
3.399
2.245
1.922
1.742
1.641
1.527
1.409
1.352
1.435
1.776
2.719
2.49
1.807
1.53
1.396
1.374
2.067
2.439
2.821
14.09
9.251
26.89
10.14
23.09
10.03
7.327
18.67
11.61
7.982
6.459
5.661
4.749
4.047
3.617
3.659
3.736
5.963
6.598
5.675
45.75
27.51
69.7
47.86
21.06
17.35
14.8
27.52
19.74
13.76
11.56
9.369
9.565
13.88
10.65
7.715
6.223
5.318
4.71
4.257
4.04
4.798
11.49
6.657
5.762
13.58
20.59
13.16
11.17
8.098
6.523
11.32
8.296
16.03
11.52
9.566
7.383
6.431
5.603
4.907
4.393
4.014
3.686
3.392
4.701
5.058
15.92
15.56
27.42
35.44
20.78
13.58
10.74
