2.711e-09
2.666e-09
2.67e-09
2.652e-09
2.647e-09
2.648e-09
2.65e-09
2.652e-09
2.654e-09
2.656e-09
2.658e-09
2.66e-09
2.662e-09
2.665e-09
2.669e-09
2.684e-09
2.957e-09
2.799e-09
2.841e-09
2.791e-09
2.798e-09
2.824e-09
2.851e-09
2.815e-09
2.888e-09
2.911e-09
2.956e-09
2.986e-09
3.011e-09
3.033e-09
3.058e-09
3.335e-09
3.177e-09
3.217e-09
3.201e-09
3.181e-09
3.207e-09
3.221e-09
3.242e-09
3.249e-09
3.283e-09
3.304e-09
3.329e-09
3.35e-09
3.369e-09
3.387e-09
3.405e-09
3.422e-09
3.439e-09
3.456e-09
3.471e-09
3.486e-09
3.498e-09
3.512e-09
3.525e-09
3.54e-09
3.56e-09
3.585e-09
3.614e-09
3.643e-09
3.675e-09
3.704e-09
3.733e-09
3.76e-09
3.785e-09
3.81e-09
3.833e-09
3.855e-09
3.876e-09
3.896e-09
3.915e-09
3.934e-09
3.951e-09
3.967e-09
3.983e-09
3.998e-09
4.012e-09
4.025e-09
4.038e-09
4.05e-09
4.064e-09
4.081e-09
4.355e-09
4.195e-09
4.246e-09
4.217e-09
4.243e-09
4.293e-09
3.335e-09
4.144e-09
4.166e-09
4.547e-09
4.726e-09
4.824e-09
4.925e-09
5.031e-09
5.145e-09
5.26e-09
5.374e-09
5.487e-09
5.593e-09
5.696e-09
5.795e-09
5.891e-09
5.983e-09
6.071e-09
6.157e-09
6.238e-09
6.316e-09
6.391e-09
6.463e-09
6.532e-09
6.597e-09
6.66e-09
6.72e-09
6.777e-09
6.832e-09
6.884e-09
6.933e-09
6.98e-09
7.026e-09
7.068e-09
7.109e-09
7.148e-09
7.185e-09
7.22e-09
7.254e-09
7.285e-09
7.315e-09
7.344e-09
7.371e-09
7.397e-09
7.422e-09
7.445e-09
7.467e-09
7.488e-09
7.508e-09
7.527e-09
7.545e-09
7.562e-09
7.578e-09
7.593e-09
7.608e-09
7.621e-09
7.634e-09
7.679e-09
7.668e-09
7.681e-09
7.683e-09
7.69e-09
7.699e-09
7.708e-09
7.717e-09
7.725e-09
7.732e-09
7.74e-09
7.746e-09
7.753e-09
7.631e-09
7.728e-09
7.725e-09
7.765e-09
7.78e-09
7.785e-09
7.789e-09
7.793e-09
7.797e-09
7.801e-09
7.805e-09
7.808e-09
7.811e-09
7.814e-09
7.817e-09
7.82e-09
7.822e-09
7.825e-09
7.827e-09
7.829e-09
7.831e-09
7.833e-09
7.835e-09
7.837e-09
7.838e-09
7.84e-09
7.841e-09
7.843e-09
7.844e-09
7.845e-09
7.846e-09
7.848e-09
7.849e-09
7.85e-09
7.851e-09
7.851e-09
7.852e-09
7.871e-09
7.909e-09
7.956e-09
8.006e-09
8.056e-09
8.617e-09
8.314e-09
8.411e-09
8.337e-09
8.361e-09
8.422e-09
8.48e-09
8.536e-09
8.588e-09
8.638e-09
8.686e-09
8.731e-09
9.029e-09
8.888e-09
8.945e-09
8.911e-09
8.926e-09
8.96e-09
8.987e-09
9.02e-09
9.048e-09
9.076e-09
9.102e-09
9.127e-09
9.146e-09
9.17e-09
9.191e-09
9.212e-09
9.231e-09
9.248e-09
9.265e-09
9.281e-09
9.296e-09
9.31e-09
9.323e-09
9.336e-09
9.348e-09
9.36e-09
9.371e-09
9.381e-09
9.407e-09
9.404e-09
9.414e-09
9.418e-09
9.425e-09
9.432e-09
9.439e-09
9.446e-09
9.452e-09
9.458e-09
9.527e-09
9.487e-09
9.496e-09
9.483e-09
9.483e-09
9.487e-09
9.506e-09
9.539e-09
9.578e-09
9.621e-09
9.663e-09
9.703e-09
9.772e-09
9.785e-09
9.821e-09
9.607e-09
9.844e-09
9.889e-09
1.001e-08
1.01e-08
1.015e-08
1.022e-08
1.03e-08
1.038e-08
1.048e-08
1.059e-08
1.071e-08
1.083e-08
1.096e-08
1.109e-08
1.123e-08
1.136e-08
1.149e-08
1.161e-08
1.172e-08
1.183e-08
1.194e-08
1.2e-08
1.212e-08
1.221e-08
1.23e-08
1.239e-08
1.272e-08
1.262e-08
1.271e-08
1.273e-08
1.28e-08
1.264e-08
1.293e-08
1.302e-08
1.32e-08
1.334e-08
1.346e-08
1.36e-08
1.373e-08
1.387e-08
1.403e-08
1.422e-08
1.443e-08
1.464e-08
1.486e-08
1.46e-08
1.525e-08
1.551e-08
1.597e-08
1.638e-08
1.728e-08
1.733e-08
1.793e-08
1.813e-08
1.854e-08
1.894e-08
1.936e-08
1.978e-08
2.02e-08
2.075e-08
2.107e-08
2.148e-08
2.184e-08
2.221e-08
2.257e-08
2.293e-08
2.33e-08
2.368e-08
2.407e-08
2.448e-08
2.486e-08
2.529e-08
2.567e-08
2.605e-08
2.643e-08
2.679e-08
2.717e-08
2.748e-08
2.781e-08
2.811e-08
2.841e-08
2.869e-08
2.896e-08
2.923e-08
2.95e-08
2.977e-08
3.003e-08
3.028e-08
3.053e-08
3.077e-08
3.101e-08
3.124e-08
3.146e-08
3.167e-08
3.191e-08
3.232e-08
3.253e-08
3.287e-08
3.315e-08
3.346e-08
3.376e-08
3.406e-08
3.434e-08
3.481e-08
3.508e-08
3.521e-08
3.577e-08
3.614e-08
3.764e-08
3.746e-08
3.81e-08
3.845e-08
3.902e-08
3.972e-08
4.063e-08
4.159e-08
4.26e-08
4.359e-08
4.454e-08
4.547e-08
4.635e-08
4.721e-08
4.803e-08
4.881e-08
4.957e-08
5.03e-08
5.1e-08
5.167e-08
5.232e-08
5.293e-08
5.342e-08
5.412e-08
5.479e-08
5.573e-08
5.694e-08
5.828e-08
5.994e-08
6.171e-08
6.358e-08
6.554e-08
6.8e-08
6.968e-08
7.182e-08
7.384e-08
7.6e-08
7.829e-08
8.057e-08
8.287e-08
8.529e-08
8.748e-08
8.972e-08
9.185e-08
9.397e-08
9.603e-08
9.807e-08
9.999e-08
1.019e-07
1.036e-07
1.054e-07
1.07e-07
1.086e-07
1.101e-07
1.115e-07
1.129e-07
1.142e-07
1.158e-07
1.168e-07
1.182e-07
1.201e-07
1.213e-07
1.233e-07
1.249e-07
1.269e-07
1.29e-07
1.311e-07
1.333e-07
1.353e-07
1.372e-07
1.391e-07
1.409e-07
1.426e-07
1.442e-07
1.457e-07
1.472e-07
1.486e-07
1.499e-07
1.512e-07
1.524e-07
1.535e-07
1.546e-07
1.559e-07
1.57e-07
1.583e-07
1.598e-07
1.616e-07
1.636e-07
1.656e-07
1.676e-07
1.695e-07
1.713e-07
1.73e-07
1.747e-07
1.762e-07
1.777e-07
1.791e-07
1.804e-07
1.817e-07
1.829e-07
1.84e-07
1.851e-07
1.861e-07
1.871e-07
1.88e-07
1.888e-07
1.896e-07
1.904e-07
1.912e-07
1.918e-07
1.925e-07
1.931e-07
1.937e-07
1.943e-07
1.948e-07
1.953e-07
1.957e-07
1.962e-07
1.968e-07
1.972e-07
1.979e-07
1.988e-07
1.997e-07
2.007e-07
2.016e-07
2.025e-07
2.033e-07
2.041e-07
2.048e-07
2.055e-07
2.062e-07
2.078e-07
2.08e-07
2.096e-07
2.112e-07
2.132e-07
2.153e-07
2.173e-07
2.194e-07
2.211e-07
2.229e-07
2.245e-07
2.26e-07
2.275e-07
2.289e-07
2.302e-07
2.315e-07
2.326e-07
2.338e-07
2.348e-07
2.358e-07
2.368e-07
2.374e-07
2.385e-07
2.393e-07
2.401e-07
2.408e-07
2.415e-07
2.421e-07
2.427e-07
2.433e-07
2.439e-07
2.444e-07
2.448e-07
2.453e-07
2.458e-07
2.463e-07
2.467e-07
2.471e-07
2.475e-07
2.479e-07
2.483e-07
2.486e-07
2.489e-07
2.492e-07
2.495e-07
2.497e-07
2.497e-07
2.501e-07
2.503e-07
2.506e-07
2.508e-07
2.51e-07
2.512e-07
2.513e-07
2.515e-07
2.516e-07
2.518e-07
2.529e-07
2.543e-07
2.571e-07
2.587e-07
2.612e-07
2.636e-07
2.66e-07
2.685e-07
2.708e-07
2.729e-07
2.75e-07
2.769e-07
2.788e-07
2.805e-07
2.822e-07
2.837e-07
2.852e-07
2.867e-07
2.881e-07
2.895e-07
2.909e-07
2.927e-07
2.948e-07
2.969e-07
2.993e-07
3.023e-07
3.057e-07
3.099e-07
3.141e-07
3.183e-07
3.223e-07
3.263e-07
3.301e-07
3.34e-07
3.378e-07
3.415e-07
3.451e-07
3.484e-07
3.516e-07
3.547e-07
3.575e-07
3.603e-07
3.629e-07
3.654e-07
3.678e-07
3.7e-07
3.722e-07
3.742e-07
3.762e-07
3.781e-07
3.804e-07
3.823e-07
3.85e-07
3.88e-07
3.915e-07
3.947e-07
3.985e-07
4.029e-07
4.079e-07
4.131e-07
4.182e-07
4.232e-07
4.282e-07
4.339e-07
4.398e-07
4.456e-07
4.514e-07
4.575e-07
4.634e-07
4.694e-07
4.751e-07
4.81e-07
4.866e-07
4.921e-07
4.974e-07
5.024e-07
5.071e-07
5.125e-07
5.181e-07
5.237e-07
5.292e-07
5.354e-07
5.423e-07
5.495e-07
5.573e-07
5.654e-07
5.734e-07
5.82e-07
5.906e-07
5.99e-07
6.073e-07
6.153e-07
6.231e-07
6.341e-07
6.461e-07
6.59e-07
6.723e-07
6.855e-07
6.987e-07
7.117e-07
7.246e-07
7.372e-07
7.503e-07
7.63e-07
7.754e-07
7.883e-07
8.012e-07
8.15e-07
8.284e-07
8.421e-07
8.557e-07
8.69e-07
8.818e-07
8.942e-07
9.059e-07
9.172e-07
9.283e-07
9.391e-07
9.51e-07
9.629e-07
9.747e-07
9.861e-07
9.97e-07
1.008e-06
1.019e-06
1.031e-06
1.043e-06
1.054e-06
1.066e-06
1.078e-06
1.09e-06
1.104e-06
1.119e-06
1.138e-06
1.158e-06
1.181e-06
1.208e-06
1.243e-06
1.28e-06
1.32e-06
1.36e-06
1.401e-06
1.442e-06
1.485e-06
1.532e-06
1.582e-06
1.633e-06
1.685e-06
1.737e-06
1.79e-06
1.845e-06
1.9e-06
1.954e-06
2.008e-06
2.061e-06
2.113e-06
2.165e-06
2.217e-06
2.269e-06
2.323e-06
2.374e-06
2.428e-06
2.48e-06
2.533e-06
2.587e-06
2.646e-06
2.706e-06
2.77e-06
2.837e-06
2.904e-06
2.978e-06
3.055e-06
3.146e-06
3.238e-06
3.331e-06
3.423e-06
3.511e-06
3.597e-06
3.679e-06
3.759e-06
3.835e-06
3.909e-06
3.98e-06
4.047e-06
4.111e-06
4.173e-06
4.235e-06
4.3e-06
4.367e-06
4.437e-06
4.507e-06
4.576e-06
4.646e-06
4.72e-06
4.795e-06
4.87e-06
4.941e-06
5.01e-06
5.075e-06
5.137e-06
5.195e-06
5.251e-06
5.303e-06
5.355e-06
5.404e-06
5.451e-06
5.496e-06
5.538e-06
5.58e-06
5.62e-06
5.658e-06
5.694e-06
5.728e-06
5.76e-06
5.79e-06
5.818e-06
5.851e-06
5.884e-06
5.916e-06
5.952e-06
5.995e-06
6.042e-06
6.093e-06
6.142e-06
6.19e-06
6.235e-06
6.278e-06
6.319e-06
6.358e-06
6.394e-06
6.429e-06
6.471e-06
6.514e-06
6.558e-06
6.607e-06
6.656e-06
6.704e-06
6.751e-06
6.796e-06
6.838e-06
6.877e-06
6.915e-06
6.95e-06
6.983e-06
7.014e-06
7.043e-06
7.071e-06
7.097e-06
7.121e-06
7.144e-06
7.166e-06
7.186e-06
7.205e-06
7.223e-06
7.239e-06
7.255e-06
7.27e-06
7.284e-06
7.297e-06
7.309e-06
7.32e-06
7.331e-06
7.341e-06
7.351e-06
7.359e-06
7.368e-06
7.376e-06
7.383e-06
7.39e-06
7.397e-06
7.412e-06
7.428e-06
7.446e-06
7.464e-06
7.48e-06
7.503e-06
7.529e-06
7.56e-06
7.591e-06
7.625e-06
7.661e-06
7.697e-06
7.733e-06
7.767e-06
7.803e-06
7.843e-06
7.885e-06
7.925e-06
7.964e-06
8e-06
8.034e-06
8.066e-06
8.097e-06
8.125e-06
8.152e-06
8.177e-06
8.2e-06
8.223e-06
8.249e-06
8.298e-06
8.358e-06
8.425e-06
8.496e-06
8.567e-06
8.636e-06
8.702e-06
8.765e-06
8.824e-06
8.881e-06
8.935e-06
8.985e-06
9.033e-06
9.078e-06
9.12e-06
9.159e-06
9.197e-06
9.232e-06
9.265e-06
9.296e-06
9.325e-06
9.352e-06
9.378e-06
9.402e-06
9.424e-06
9.446e-06
9.465e-06
9.484e-06
9.502e-06
9.535e-06
9.574e-06
9.62e-06
9.666e-06
9.711e-06
9.753e-06
9.792e-06
9.851e-06
9.943e-06
1.005e-05
1.016e-05
1.026e-05
1.036e-05
1.049e-05
1.064e-05
1.081e-05
1.098e-05
1.115e-05
1.131e-05
1.146e-05
1.162e-05
1.178e-05
1.194e-05
1.209e-05
1.223e-05
1.237e-05
1.251e-05
1.265e-05
1.284e-05
1.303e-05
1.323e-05
1.345e-05
1.369e-05
1.397e-05
1.426e-05
1.455e-05
1.482e-05
1.509e-05
1.534e-05
1.558e-05
1.583e-05
1.606e-05
1.629e-05
1.651e-05
1.671e-05
1.692e-05
1.712e-05
1.732e-05
1.75e-05
1.768e-05
1.785e-05
1.801e-05
1.816e-05
1.83e-05
1.843e-05
1.856e-05
1.868e-05
1.879e-05
1.89e-05
1.901e-05
1.912e-05
1.923e-05
1.933e-05
1.943e-05
1.952e-05
1.96e-05
1.968e-05
1.976e-05
1.983e-05
1.991e-05
2.001e-05
2.011e-05
2.021e-05
2.031e-05
2.04e-05
2.049e-05
2.057e-05
2.064e-05
2.072e-05
2.078e-05
2.088e-05
2.1e-05
2.117e-05
2.136e-05
2.156e-05
2.175e-05
2.193e-05
2.209e-05
2.225e-05
2.24e-05
2.254e-05
2.267e-05
2.28e-05
2.291e-05
2.307e-05
2.324e-05
2.342e-05
2.36e-05
2.377e-05
2.393e-05
2.408e-05
2.424e-05
2.439e-05
2.453e-05
2.477e-05
2.504e-05
2.533e-05
2.562e-05
2.597e-05
2.636e-05
2.678e-05
2.72e-05
2.76e-05
2.803e-05
2.846e-05
2.89e-05
2.94e-05
2.991e-05
3.044e-05
3.095e-05
3.144e-05
3.191e-05
3.235e-05
3.277e-05
3.317e-05
3.377e-05
3.44e-05
3.507e-05
3.574e-05
3.644e-05
3.718e-05
3.81e-05
3.908e-05
4.011e-05
4.114e-05
4.212e-05
4.307e-05
4.397e-05
4.484e-05
4.566e-05
4.644e-05
4.72e-05
4.794e-05
4.866e-05
4.939e-05
5.023e-05
5.11e-05
5.201e-05
5.291e-05
5.378e-05
5.462e-05
5.543e-05
5.625e-05
5.707e-05
5.79e-05
5.87e-05
5.948e-05
6.027e-05
6.116e-05
6.208e-05
6.303e-05
6.395e-05
6.483e-05
6.586e-05
6.701e-05
6.825e-05
6.955e-05
7.12e-05
7.292e-05
7.483e-05
7.688e-05
7.897e-05
8.103e-05
8.303e-05
8.494e-05
8.678e-05
8.853e-05
9.026e-05
9.196e-05
9.36e-05
9.518e-05
9.69e-05
9.86e-05
0.0001003
0.000102
0.0001036
0.0001051
0.0001065
0.0001078
0.0001095
0.0001112
0.0001129
0.0001146
0.0001162
0.0001181
0.0001209
0.0001239
0.0001278
0.0001318
0.0001362
0.0001406
0.0001453
0.0001501
0.0001551
0.0001603
0.000166
0.0001719
0.0001781
0.0001841
0.0001901
0.0001958
0.0002013
0.0002067
0.0002121
0.0002173
0.0002224
0.0002273
0.000232
0.0002364
0.0002407
0.0002449
0.0002489
0.0002527
0.0002563
0.0002597
0.000263
0.0002661
0.0002692
0.0002723
0.0002752
0.000278
0.0002811
0.0002849
0.000289
0.0002943
0.0003002
0.0003071
0.0003146
0.0003222
0.0003297
0.0003371
0.0003447
0.0003525
0.0003603
0.0003678
0.0003751
0.000382
0.0003891
0.000396
0.0004026
0.0004101
0.0004174
0.0004247
0.0004318
0.0004384
0.0004446
0.0004505
0.0004561
0.0004613
0.0004662
0.0004708
0.0004751
0.0004792
0.000483
0.0004865
0.0004899
0.000493
0.0004959
0.0004986
0.0005012
0.0005035
0.0005058
0.0005078
0.0005098
0.0005116
0.0005132
0.0005148
0.0005163
0.0005176
0.0005189
0.0005201
0.000522
0.0005251
0.0005292
0.0005344
0.0005399
0.0005453
0.0005505
0.0005553
0.0005598
0.0005641
0.0005681
0.0005718
0.0005753
0.0005785
0.0005815
0.0005844
0.000587
0.0005895
0.0005918
0.0005939
0.0005959
0.0005978
0.0005995
0.0006011
0.0006026
0.000604
0.0006053
0.0006066
0.0006093
0.000613
0.0006182
0.0006239
0.0006339
0.0006448
0.0006566
0.0006681
0.000679
0.0006893
0.000699
0.0007084
0.0007173
0.0007262
0.0007347
0.0007428
0.0007505
0.0007577
0.0007644
0.0007708
0.0007767
0.0007822
0.0007874
0.0007922
0.0007967
0.0008009
0.0008048
0.0008085
0.0008119
0.0008152
0.0008189
0.0008225
0.0008261
0.0008294
0.0008333
0.0008388
0.0008446
0.0008508
0.0008568
0.0008624
0.0008676
0.0008725
0.0008771
0.0008814
0.0008862
0.000891
0.0008959
0.0009004
0.0009047
0.0009086
0.0009123
0.0009158
0.000919
0.000922
0.0009247
0.0009273
0.0009297
0.000932
0.000934
0.000936
0.0009378
0.0009394
0.000941
0.0009424
0.0009438
0.000945
0.0009462
0.0009473
0.0009483
0.0009492
0.0009501
0.0009509
0.0009516
0.0009523
0.000953
0.0009536
0.0009541
0.0009546
0.0009551
0.0009555
0.000956
0.0009563
0.0009567
0.000957
0.0009573
0.0009576
0.0009579
0.0009581
0.0009584
0.0009586
0.0009588
0.000959
0.0009591
0.0009593
0.0009594
0.0009596
0.0009597
0.0009598
0.0009599
0.00096
0.0009601
0.0009602
0.0009603
0.0009604
0.0009604
0.0009605
0.0009606
0.0009606
0.0009607
0.0009618
0.0009632
0.000965
0.0009667
0.0009686
0.0009705
0.0009723
0.000974
0.0009756
0.0009771
0.0009785
0.0009798
0.0009809
0.000982
0.0009831
0.000984
0.0009849
0.0009857
0.0009865
0.0009872
0.0009878
0.0009884
0.000989
0.0009895
0.00099
0.0009905
0.0009909
0.0009913
0.0009916
0.000992
0.0009923
0.0009926
0.0009928
0.0009931
0.0009933
0.0009935
0.0009937
0.0009941
0.0009949
0.0009957
0.0009967
0.0009976
0.0009984
0.0009992
0.001
0.001001
0.001005
0.00101
0.001015
0.001021
0.001026
0.001032
0.001037
0.001042
0.001046
0.00105
0.001054
0.001058
0.001061
0.001065
0.001068
0.00107
0.001073
0.001075
0.001079
0.001082
0.001086
0.00109
0.001094
0.001098
0.001102
0.001106
0.00111
0.001113
0.001116
0.001119
0.001122
0.001127
0.001132
0.001141
0.001152
0.001166
0.001187
0.001212
0.00124
0.00127
0.001301
0.001336
0.001373
0.00141
0.001447
0.001483
0.001521
0.001557
0.001598
0.00164
0.001681
0.001722
0.001762
0.0018
0.001837
0.001872
0.001907
0.00194
0.001972
0.002003
0.002032
0.002061
0.002087
0.002112
0.002136
0.002162
0.002189
0.002216
0.002242
0.002266
0.002288
0.00231
0.002329
0.002348
0.002365
0.002382
0.002397
0.002411
0.002424
0.002437
0.002457
0.002479
0.002503
0.002528
0.002557
0.002587
0.002616
0.002646
0.002678
0.002713
0.002761
0.002822
0.002888
0.002957
0.003034
0.00311
0.003202
0.003311
0.003425
0.003572
0.00373
0.003894
0.004076
0.004274
0.004478
0.004715
0.004978
0.005262
0.005573
0.005902
0.006249
0.006601
0.006982
0.007392
0.007826
0.008265
0.008699
0.009128
0.009545
0.009956
0.01036
0.01078
0.01121
0.01165
0.01209
0.01254
0.01298
0.01342
0.01386
0.01431
0.01475
0.01519
0.01567
0.0162
0.01677
0.01736
0.01794
0.01851
0.01909
0.01979
0.02051
0.02127
0.02206
0.02289
0.02371
0.02458
0.02553
0.0265
0.02748
0.02843
0.0295
0.0306
0.03187
0.03317
0.03447
0.03578
0.03707
0.03839
0.03973
0.04108
0.04256
0.04431
0.04622
0.04823
0.05039
0.05256
0.0547
0.05687
0.05909
0.06127
0.0634
0.06543
0.06768
0.06992
0.07215
0.07436
0.07646
0.07846
0.08035
0.08212
0.08379
0.08534
0.0868
0.08815
0.08941
0.09059
0.09204
0.09384
0.09575
0.09769
0.09953
0.1013
0.1029
0.1043
0.1058
0.1071
0.1083
0.1096
0.1108
0.1121
0.1135
0.1148
0.1162
0.1177
0.1193
0.121
0.1226
0.1242
0.1257
0.127
0.1283
0.1294
0.1305
0.1315
0.1324
0.1332
0.134
0.1347
0.1354
0.136
0.1365
0.137
0.1375
0.138
0.1383
0.1387
0.1391
0.1395
0.1399
0.1403
0.1407
0.1411
0.1414
0.1417
0.142
0.1424
0.1427
0.1432
0.1438
0.1445
0.1452
0.1459
0.1465
0.1471
0.1476
0.1481
0.1486
0.149
0.1493
0.1497
0.15
0.1503
0.1505
0.1508
0.151
0.1512
0.1514
0.1516
0.1517
0.1519
0.152
0.1521
0.1522
0.1523
0.1524
0.1527
0.153
0.1533
0.1537
0.154
0.1543
0.1546
0.1548
0.1551
0.1553
0.1555
0.1557
0.1558
0.156
0.1561
0.1562
0.1564
0.1565
0.1566
0.1567
0.1567
0.1568
0.1569
0.1569
0.157
0.1571
0.1571
0.1571
0.1572
0.1572
0.1573
0.1573
0.1573
0.1573
0.1574
0.1574
0.1574
0.1574
0.1574
0.1575
0.1575
0.1575
0.1575
0.1575
0.1575
0.1575
0.1575
0.1575
0.1576
0.1576
0.1576
0.1576
0.1576
0.1576
0.1576
0.1576
0.1576
0.1576
0.1576
0.1576
0.1576
0.1576
0.1577
0.1577
0.1581
0.1585
0.1593
0.1601
0.1612
0.1624
0.1635
0.1647
0.1657
0.1666
0.1675
0.1683
0.169
0.1697
0.1703
0.1709
0.1714
0.1719
0.1723
0.1728
0.1733
0.1738
0.1742
0.1746
0.175
0.1753
0.1756
0.1759
0.1762
0.1764
0.1766
0.1768
0.177
0.1772
0.1773
0.1775
0.1776
0.1777
0.1778
0.1779
0.178
0.1781
0.1782
0.1782
0.1783
0.1784
0.1784
0.1785
0.1785
0.1786
0.1786
0.1786
0.1787
0.1787
0.1805
0.1828
0.1862
0.1898
0.1935
0.1972
0.2009
0.2046
0.208
0.2113
0.2144
0.2172
0.2199
0.2224
0.2261
0.2312
0.237
0.2436
0.2501
0.2564
0.2623
0.2679
0.2731
0.2785
0.2847
0.2921
0.2998
0.3077
0.3155
0.3242
0.3334
0.3432
0.3534
0.3634
0.3744
0.3853
0.3965
0.4074
0.4177
0.4287
0.4397
0.4511
0.464
0.4769
0.4904
0.5036
0.5164
0.5287
0.5403
0.5522
0.5638
0.575
0.5856
0.5955
0.6048
0.6137
0.6222
0.6301
0.6376
0.6445
0.6509
0.6568
0.6622
0.6672
0.6739
0.6831
0.6932
0.7072
0.7245
0.7439
0.7641
0.7841
0.8038
0.8226
0.842
0.8609
0.8809
0.9014
0.9214
0.9475
0.9758
1.006
1.037
1.067
1.095
1.121
1.146
1.169
1.19
1.211
1.24
1.272
1.304
1.336
1.369
1.401
1.439
1.483
1.535
1.594
1.662
1.733
1.804
1.884
1.968
2.055
2.141
2.222
2.299
2.371
2.439
2.502
2.564
2.623
2.683
2.739
2.798
2.859
2.919
2.977
3.031
3.082
3.128
3.171
3.21
3.246
3.278
3.309
3.336
3.361
3.384
3.405
3.424
3.441
3.457
3.473
3.487
3.502
3.522
3.543
3.564
3.585
3.613
3.652
3.694
3.75
3.808
3.87
3.947
4.026
4.109
4.192
4.271
4.344
4.42
4.5
4.579
4.661
4.74
4.824
4.941
5.064
5.192
5.313
5.425
5.528
5.624
5.711
5.791
5.864
5.931
5.993
6.049
6.1
6.146
6.195
6.249
6.31
6.391
6.477
6.565
6.652
6.734
6.81
6.88
6.943
7.001
7.054
7.102
7.146
7.185
7.221
7.254
7.285
7.314
7.34
7.364
7.386
7.405
7.423
7.439
7.454
7.467
7.479
7.49
7.5
7.509
7.517
7.526
7.535
7.543
7.563
7.605
7.661
7.762
7.876
7.996
8.124
8.245
8.378
8.508
8.634
8.752
8.86
8.958
9.048
9.13
9.204
9.272
9.333
9.389
9.439
9.485
9.526
9.564
9.598
9.629
9.657
9.682
9.705
9.725
9.781
9.843
9.912
9.977
10.04
10.09
10.14
10.18
10.22
10.26
10.29
10.32
10.35
10.37
10.39
10.41
10.43
10.45
10.46
10.48
10.49
10.5
10.51
10.52
10.52
10.53
10.54
10.54
10.55
10.55
10.56
10.56
10.56
10.57
10.57
10.57
10.58
10.58
10.58
10.58
10.58
10.58
10.59
10.59
10.59
10.59
10.6
10.63
10.67
10.71
10.75
10.79
10.82
10.85
10.88
10.92
10.99
11.09
11.2
11.3
11.41
11.5
11.59
11.67
11.75
11.83
11.9
11.97
12.03
12.09
12.15
12.19
12.24
12.28
12.31
12.34
12.37
12.4
12.42
12.44
12.46
12.48
12.51
12.54
12.58
12.62
12.66
12.69
12.72
12.75
12.78
12.8
12.82
12.84
12.85
12.87
12.88
12.89
12.9
12.91
12.92
12.93
12.94
12.94
12.95
12.95
12.96
12.96
12.97
12.97
12.97
12.98
12.98
12.98
12.98
12.99
12.99
12.99
12.99
12.99
12.99
12.99
12.99
12.99
13
13
13
13
13
13
13
13
13
13
13
13
13
13
13
13
13
13
13
13
13.02
13.03
13.06
13.08
13.1
13.16
13.26
13.38
13.51
13.63
13.75
13.88
14
14.14
14.28
14.47
14.78
15.16
15.62
16.08
16.59
17.15
17.86
18.65
19.46
20.32
21.22
22.12
23.02
23.89
24.7
25.48
26.21
26.88
27.51
28.17
29.02
29.99
31.05
32.14
33.21
34.56
36.3
38.54
40.97
43.57
46.23
49.11
51.99
54.91
57.79
60.57
63.21
65.73
68.2
70.58
73.09
75.95
78.95
82.47
86.06
90.15
94.22
99.18
104.8
110.5
116.3
123.2
130.6
